77
15
61
37 72 29 11 44 16 48 5 50 16 
35 54 62 30 1 58 44 17 40 46 
73 62 70 38 25 74 27 28 29 23 
52 62 4 49 59 25 34 45 60 22 
4 54 61 67 50 2 54 27 55 25 
43 60 27 55 24 26 60 37 76 11 
17 42 31 74 39 4 23 38 77 41 
64 75 16 8 42 44 58 22 62 15 
10 45 31 72 49 14 16 31 50 44 
52 73 15 57 27 24 63 27 40 61 
58 46 49 1 39 72 17 26 45 12 
1 19 4 62 19 42 49 42 22 39 
39 3 23 53 10 64 23 26 68 8 
57 45 66 14 49 53 60 64 21 54 
45 16 42 12 9 27 42 10 67 2 
8 5 65 65 36 29 12 53 51 57 
33 17 58 27 42 25 39 49 19 3 
24 21 76 44 41 60 73 47 23 38 
76 56 31 38 48 56 45 2 69 22 
77 27 25 19 24 7 69 45 23 50 
77 19 31 45 10 4 27 75 53 62 
7 11 71 49 64 70 68 51 49 39 
33 25 45 21 31 71 4 25 22 55 
68 7 51 37 45 6 65 50 15 47 
58 32 24 18 23 58 71 20 71 34 

