71
14
56
14 26 23 37 22 24 30 41 27 7 
57 32 50 6 31 31 37 8 40 3 
34 65 68 53 32 8 2 41 13 29 
57 54 37 17 6 44 48 69 17 66 
30 12 34 48 30 37 47 48 25 51 
70 69 71 13 44 38 43 55 28 40 
48 10 49 14 48 8 58 11 59 25 
4 32 5 32 44 34 27 47 23 66 
29 21 6 64 61 47 44 23 36 44 
32 41 46 63 60 51 38 57 40 32 
41 14 67 59 46 55 19 60 33 43 
15 53 19 40 42 4 14 26 29 4 
54 17 34 37 20 66 70 71 58 50 
30 30 19 41 42 19 46 25 21 20 
60 12 59 2 32 10 21 11 54 64 
53 70 71 31 65 46 55 41 43 35 
52 2 50 36 57 56 56 28 8 38 
30 8 13 24 38 51 53 34 22 45 
53 25 8 63 63 47 62 65 43 71 
44 25 15 1 19 55 7 16 35 11 
62 14 21 47 49 26 3 35 48 26 
64 1 8 62 11 68 24 26 10 13 
27 25 20 7 7 3 3 48 51 40 
65 9 54 7 21 20 45 37 41 9 
51 19 31 70 69 32 36 32 22 33 

