86
17
68
84 2 23 82 83 64 1 53 72 6 
12 52 46 33 84 25 59 39 32 72 
18 69 6 20 82 5 13 38 35 31 
51 47 28 17 28 41 66 82 84 62 
3 42 78 14 63 70 14 1 10 21 
53 66 37 8 17 37 11 27 72 36 
22 77 8 31 56 65 60 31 9 83 
42 43 80 28 76 69 18 45 40 18 
24 65 71 65 68 83 83 6 3 59 
21 86 48 44 52 85 49 64 7 50 
6 2 57 10 63 12 6 70 61 30 
53 36 17 68 36 67 75 42 33 67 
35 22 26 1 24 46 9 66 31 21 
52 56 78 34 15 85 82 43 82 77 
63 37 80 69 66 50 6 22 52 46 
3 69 62 38 6 39 74 79 20 39 
55 68 70 44 5 56 27 19 27 42 
30 47 83 82 20 74 65 50 31 57 
42 79 7 73 27 21 74 31 16 51 
21 73 64 52 78 70 84 66 9 3 
42 17 13 25 75 18 6 30 43 62 
46 30 18 59 71 15 56 61 60 5 
66 68 41 70 36 25 59 85 62 51 
15 61 85 53 3 52 59 34 49 81 
36 31 30 2 62 57 37 69 60 4 

