79
15
63
23 76 49 60 75 2 20 23 33 22 
10 59 38 48 25 52 62 19 28 25 
3 23 23 30 56 1 31 36 52 48 
13 38 69 76 6 36 40 21 78 2 
24 12 76 2 13 44 17 68 11 45 
79 13 72 79 2 66 65 25 44 42 
20 79 78 79 52 52 6 74 2 7 
76 12 44 9 37 34 63 43 11 12 
26 23 48 59 68 58 3 7 77 48 
74 52 36 23 11 55 2 55 34 47 
20 58 45 9 75 63 25 20 62 38 
77 5 6 65 52 46 28 50 3 15 
66 20 8 51 70 41 12 11 74 6 
41 73 19 56 3 51 38 52 15 26 
7 8 47 33 24 46 42 75 35 39 
4 28 11 72 40 67 24 37 79 65 
32 54 21 47 72 7 78 54 35 59 
7 58 30 58 62 56 25 16 24 60 
2 79 45 1 45 21 55 78 27 58 
46 42 48 17 77 73 43 24 57 64 
28 75 79 79 13 41 79 17 19 61 
46 56 68 23 13 53 4 76 56 18 
22 18 28 44 69 44 79 19 23 7 
70 30 18 70 10 4 6 40 72 40 
64 15 67 47 28 40 78 47 71 23 

