33
6
26
19 14 7 6 19 16 8 33 32 25 
2 33 18 28 31 20 16 32 4 33 
22 16 20 19 23 24 10 26 19 20 
2 27 9 3 23 22 27 13 17 33 
18 31 21 24 25 1 3 25 23 1 
17 29 3 32 33 16 23 23 31 24 
4 4 22 32 23 5 5 22 8 3 
21 4 28 26 5 30 8 25 2 14 
8 22 15 5 32 6 4 7 1 14 
13 14 31 7 31 12 9 7 32 29 
32 9 6 2 31 22 28 33 26 30 
17 26 11 15 13 22 10 3 29 11 
15 26 20 4 14 13 13 1 30 10 
29 21 2 8 5 19 1 15 3 24 
10 8 29 12 24 11 4 32 16 14 
4 24 21 30 10 10 2 20 17 8 
21 24 1 2 31 12 27 32 11 11 
29 13 33 20 33 1 17 10 12 11 
32 17 20 13 8 11 11 30 4 1 
21 23 18 29 4 5 11 31 30 1 
18 31 12 6 4 1 25 5 10 23 
28 20 17 4 25 15 7 18 22 8 
16 2 3 1 28 2 23 7 2 26 
28 6 15 13 20 11 20 17 31 15 
26 1 14 31 32 7 5 3 11 10 

