35
7
28
9 28 14 4 1 3 4 6 3 25 
9 20 11 22 34 29 10 4 26 33 
23 13 33 20 3 5 24 30 9 34 
22 33 17 17 8 25 7 21 3 23 
12 10 1 18 24 19 7 19 4 25 
25 27 10 11 33 12 9 13 31 16 
33 20 26 22 1 6 28 32 29 16 
31 3 28 28 3 1 1 27 26 16 
27 20 12 5 13 10 25 1 13 25 
30 6 23 17 15 31 2 27 28 35 
10 31 11 15 16 33 28 33 17 19 
28 21 33 2 7 6 18 3 5 28 
14 7 26 19 6 14 9 15 4 15 
25 9 19 34 30 10 24 23 5 19 
3 13 1 6 35 25 14 11 23 31 
16 15 16 5 30 24 6 18 11 10 
3 8 15 19 16 19 11 3 8 4 
34 7 29 2 31 11 29 22 29 21 
27 23 25 16 5 22 19 35 11 31 
21 15 24 18 25 21 25 22 1 2 
30 15 31 28 4 32 22 17 32 7 
5 25 19 13 6 4 8 12 14 16 
25 22 14 13 16 15 15 18 4 13 
15 7 35 22 17 34 31 22 33 29 
9 17 7 11 28 1 12 16 34 3 

