53
10
42
5 33 32 4 4 45 1 24 19 24 
34 7 10 28 29 42 19 31 25 15 
39 1 27 4 40 52 36 39 35 24 
17 2 43 37 3 16 19 17 6 16 
27 15 50 53 24 26 34 51 48 42 
21 19 23 37 26 40 4 49 40 42 
7 7 50 18 27 36 47 53 37 1 
4 11 9 8 19 14 6 13 27 44 
11 5 2 47 9 42 45 13 27 8 
8 47 22 21 52 52 16 31 21 23 
37 31 30 39 46 30 4 25 25 32 
49 9 25 4 27 42 14 10 32 14 
47 11 44 29 52 31 23 51 33 13 
49 14 24 3 23 43 4 2 17 41 
9 31 38 12 4 24 19 41 3 45 
42 38 42 26 47 33 37 11 43 30 
40 18 13 20 20 21 8 44 18 20 
31 43 45 10 33 27 22 47 8 29 
46 15 24 17 17 20 50 20 34 23 
6 22 41 8 38 13 31 27 36 53 
40 50 29 26 24 3 40 47 44 21 
31 45 35 41 40 12 27 3 45 38 
16 52 29 48 19 28 21 50 34 26 
19 44 45 53 53 14 3 19 22 31 
34 34 53 39 51 46 36 10 8 16 

