83
16
66
35 74 46 36 35 34 78 81 2 53 
36 49 46 54 32 17 20 68 1 65 
22 26 63 50 32 26 43 65 62 42 
4 48 45 13 58 59 43 41 57 18 
16 51 43 4 78 58 9 13 47 28 
36 69 6 14 49 75 61 17 29 38 
41 14 7 59 42 25 36 2 5 63 
2 77 19 80 34 28 29 78 76 12 
12 56 4 17 21 7 5 67 11 46 
69 54 23 13 74 43 37 12 12 77 
15 53 71 44 13 42 78 3 82 82 
82 19 51 76 5 31 5 50 57 23 
17 47 67 49 17 80 2 7 49 73 
37 52 14 27 18 76 7 75 10 57 
63 32 15 74 74 1 32 67 65 1 
37 51 12 42 49 48 53 6 38 32 
18 14 14 56 83 18 35 49 45 66 
19 62 78 50 39 55 81 60 1 82 
30 64 34 53 83 50 52 38 77 44 
36 9 44 21 64 4 26 22 50 83 
65 69 12 66 25 33 8 27 70 41 
64 4 4 18 22 49 70 26 33 2 
8 29 57 82 15 31 81 70 11 9 
47 24 48 69 23 32 19 43 62 43 
75 21 33 32 1 49 81 8 41 83 

