62
12
49
12 4 57 61 11 42 17 33 60 14 
47 48 52 3 33 42 53 11 30 52 
59 33 48 51 60 38 33 21 22 25 
26 29 34 6 35 34 13 19 32 40 
19 37 39 36 54 30 50 38 12 60 
62 47 29 50 6 42 24 35 51 46 
42 34 23 51 42 29 6 46 40 43 
7 42 26 18 54 40 15 43 27 36 
32 56 56 58 45 55 27 29 58 22 
39 20 36 29 21 21 38 10 46 53 
18 55 11 51 40 2 62 20 22 59 
39 35 24 20 4 59 15 38 53 16 
9 56 49 37 43 61 9 50 13 27 
47 20 36 40 52 8 61 6 46 38 
13 16 43 6 48 8 30 47 24 19 
45 23 59 57 44 23 48 39 53 60 
42 28 58 55 16 16 58 62 60 24 
31 9 33 6 43 51 21 31 46 6 
59 23 10 50 54 16 44 55 14 26 
32 25 48 27 9 62 22 31 49 58 
62 55 46 59 49 3 61 45 9 57 
61 7 23 39 62 10 1 46 60 23 
30 56 40 20 61 35 23 51 33 49 
32 14 27 28 47 43 60 8 40 16 
54 17 19 19 44 52 34 2 59 51 

