67
13
53
33 35 27 28 22 26 33 16 26 29 
53 66 13 19 53 37 38 66 28 10 
10 62 20 22 39 18 31 34 59 52 
5 12 12 54 43 43 53 2 19 2 
47 16 8 35 12 57 12 23 40 59 
56 38 12 18 5 9 30 4 67 22 
30 29 53 7 64 16 39 48 13 21 
46 52 18 8 25 5 65 37 37 28 
62 13 38 27 32 28 28 60 34 11 
21 36 48 19 30 18 40 26 18 53 
50 3 9 11 16 56 32 2 54 27 
17 64 60 50 25 58 9 1 67 2 
34 12 34 11 45 39 6 5 50 38 
51 22 23 5 57 66 29 37 30 27 
27 1 53 34 7 20 7 36 61 24 
45 3 23 41 41 53 43 42 62 10 
33 7 7 27 50 59 48 30 42 46 
17 49 57 45 17 6 58 41 26 64 
58 3 59 40 30 45 38 23 42 17 
13 18 43 42 54 32 2 26 48 25 
66 59 5 36 14 30 13 45 7 53 
14 63 34 54 60 43 13 65 64 65 
51 66 16 18 53 25 62 27 7 60 
24 9 40 39 62 12 63 24 45 39 
55 58 29 7 56 67 55 38 46 9 

