122
24
97
108 20 64 95 49 108 101 11 70 81 
90 14 8 12 90 104 19 80 121 32 
117 44 20 112 113 46 72 122 119 7 
19 9 108 21 90 34 89 99 58 33 
92 82 16 49 3 53 78 32 30 83 
31 36 53 37 65 16 58 50 29 83 
118 64 102 77 4 78 61 68 25 40 
56 119 22 42 65 84 94 58 118 113 
29 64 55 30 9 16 53 102 52 24 
9 88 66 98 10 93 51 105 67 42 
122 80 121 58 25 38 9 94 34 61 
99 94 115 80 93 45 33 42 117 88 
25 120 88 84 120 45 11 88 36 35 
43 9 119 100 4 44 114 62 118 90 
91 102 89 56 43 70 100 47 122 75 
6 33 65 14 26 7 118 9 60 10 
77 73 5 89 120 19 18 18 2 53 
32 77 6 64 115 58 97 98 57 116 
63 91 69 17 98 112 43 8 10 9 
63 37 62 54 35 58 56 93 33 101 
43 71 117 79 63 61 68 58 39 84 
121 33 103 58 93 118 71 94 95 36 
45 9 107 85 63 83 37 39 80 78 
114 114 60 32 52 59 63 99 93 89 
24 8 9 30 111 59 91 89 71 26 
47 102 101 45 44 106 21 118 73 93 
64 49 35 82 26 97 113 14 105 85 
77 2 59 40 89 62 105 71 29 95 
31 18 110 85 40 21 36 73 56 6 
34 80 19 121 88 26 64 61 35 24 
73 43 107 65 11 55 16 50 75 24 
17 100 58 121 101 10 70 18 42 65 
9 100 80 116 48 65 2 94 47 52 
75 20 58 111 8 19 95 99 62 24 
18 63 86 113 62 16 87 50 15 113 
113 13 3 70 49 92 3 92 57 121 
47 81 105 9 120 112 67 71 64 69 
106 20 88 97 116 47 30 20 35 92 
73 4 110 25 7 3 105 10 111 74 
115 112 51 6 81 16 43 41 28 105 
51 50 48 77 87 93 80 62 23 84 
51 63 26 24 93 88 63 60 105 80 
37 34 27 88 16 74 42 94 93 46 
19 13 8 41 41 71 11 86 103 32 
100 78 107 58 19 7 45 27 25 30 
118 75 56 21 103 68 46 115 86 107 
52 119 81 48 18 41 122 96 2 56 
3 98 84 30 35 46 15 31 61 99 
67 66 27 24 43 85 28 18 94 29 
58 118 40 61 86 50 39 108 56 115 

