120
24
96
116 39 37 48 68 85 79 47 74 24 
58 95 104 59 41 105 42 16 79 94 
31 54 21 38 72 117 34 40 39 5 
87 47 119 76 66 43 43 111 41 32 
63 90 21 46 106 5 30 83 107 87 
120 12 1 41 1 54 79 84 112 92 
4 59 1 63 30 38 82 19 4 32 
25 90 2 96 77 81 87 62 115 38 
19 9 18 92 12 25 101 29 51 89 
69 95 91 100 94 90 38 44 77 63 
96 53 69 118 1 19 94 94 100 83 
96 69 102 31 81 73 10 77 114 105 
96 112 75 25 88 53 119 49 24 57 
10 112 99 76 67 40 50 83 15 73 
3 13 75 93 2 27 62 93 96 25 
59 5 66 114 96 51 63 17 111 59 
62 72 115 85 108 94 97 63 66 55 
112 36 78 102 79 108 57 111 116 21 
48 56 112 11 60 120 39 65 82 23 
60 37 27 108 6 46 83 4 45 26 
37 110 64 51 2 19 31 115 112 96 
25 73 38 38 55 49 103 106 76 90 
117 77 84 29 11 43 57 114 83 102 
6 30 69 106 117 25 24 13 23 56 
82 90 6 28 16 68 1 92 107 47 
42 46 53 81 84 63 75 50 83 83 
68 50 63 93 100 55 74 91 94 89 
103 51 89 104 93 90 14 2 6 43 
24 50 4 107 2 67 45 96 79 88 
3 44 96 68 118 107 66 12 4 13 
94 112 42 119 16 110 24 29 68 12 
82 40 59 7 70 5 66 78 71 29 
45 96 28 2 7 71 80 47 15 89 
47 89 29 72 90 112 119 70 3 20 
11 46 97 54 78 89 83 31 41 97 
76 32 118 45 99 6 63 102 60 20 
13 104 7 12 68 66 48 45 107 12 
17 16 60 99 29 44 24 40 100 42 
34 69 111 92 10 73 23 3 115 39 
11 66 50 45 62 94 76 102 75 73 
100 30 37 60 66 26 92 12 114 25 
71 50 36 60 57 108 89 114 28 108 
68 41 69 73 5 72 80 85 109 58 
120 10 18 65 74 52 90 102 76 9 
98 96 7 13 57 91 64 40 16 2 
97 98 22 40 68 97 93 112 33 37 
98 14 94 13 36 46 25 81 96 77 
78 63 27 15 102 71 31 61 90 39 
75 35 85 112 92 6 64 42 60 65 
92 111 59 74 66 5 106 100 5 73 

