76
15
60
32 18 6 1 47 2 40 63 52 34 
31 33 62 68 56 42 6 2 24 68 
57 66 2 24 49 44 35 73 37 74 
55 16 22 28 11 54 49 11 1 14 
68 66 41 10 26 15 3 33 72 59 
46 28 48 60 49 40 51 41 60 68 
74 3 72 27 28 29 63 27 39 51 
11 14 5 41 67 40 76 55 34 46 
62 65 11 25 51 32 43 60 60 53 
75 61 24 26 23 11 62 19 62 46 
60 55 16 49 71 38 33 11 71 36 
46 52 76 15 31 20 41 32 20 9 
63 13 26 16 15 18 52 11 25 39 
74 9 44 73 49 59 10 66 76 65 
49 52 44 31 36 24 7 56 35 27 
66 73 45 58 52 56 47 26 56 54 
75 22 55 11 65 41 1 44 68 29 
30 73 69 18 64 9 25 25 32 12 
46 12 34 63 53 69 17 30 41 17 
55 41 23 61 36 16 71 65 7 57 
63 13 19 26 42 72 24 35 22 46 
31 57 2 4 32 20 41 15 31 14 
39 75 71 27 52 69 59 32 29 31 
27 27 74 66 16 52 9 21 61 15 
21 33 14 13 12 4 35 22 60 23 
42 24 19 23 74 39 25 1 48 13 
30 25 15 29 39 39 57 52 67 6 
7 38 69 45 53 62 26 36 13 54 
64 74 7 71 23 72 8 16 5 32 
62 71 34 5 27 8 21 40 17 1 
36 66 9 40 28 62 56 20 10 61 
56 43 21 26 12 37 4 55 8 71 
49 10 10 69 54 55 41 18 59 46 
72 38 36 53 73 13 29 62 31 37 
41 64 10 10 33 76 29 6 69 54 
10 37 21 34 46 68 37 67 58 56 
69 72 11 60 11 64 62 37 71 19 
7 12 52 19 61 47 15 56 52 67 
10 64 60 63 56 12 18 31 3 38 
4 44 13 22 46 52 39 61 11 47 
65 73 46 18 72 9 1 65 24 48 
46 71 76 65 69 45 72 67 3 34 
56 18 73 47 55 22 55 43 31 65 
10 69 14 20 46 74 2 29 59 22 
51 73 41 15 44 21 24 58 46 62 
40 5 33 7 40 56 71 24 42 32 
9 13 13 7 35 36 38 48 45 13 
16 34 3 37 23 1 40 64 40 33 
41 44 31 61 36 12 74 55 56 16 
9 21 8 9 40 66 73 25 50 55 

