101
20
80
67 60 88 22 26 23 36 33 34 60 
28 26 13 6 20 44 94 49 88 98 
51 67 31 6 42 41 59 12 1 77 
31 64 55 56 58 13 14 50 73 78 
99 21 61 71 17 6 38 22 49 9 
1 39 30 56 77 88 53 85 38 43 
100 99 4 49 61 20 58 28 84 96 
34 18 82 59 25 24 58 40 96 72 
36 41 69 44 10 9 77 64 52 25 
59 37 48 31 101 69 92 13 58 40 
17 82 7 63 92 38 65 77 45 14 
96 101 31 8 2 39 69 26 72 32 
4 25 48 38 16 45 58 86 50 17 
90 48 46 65 43 11 34 37 5 75 
42 51 59 32 80 57 29 52 55 50 
75 4 100 5 25 73 9 100 79 79 
21 67 29 101 30 84 24 60 65 8 
44 34 88 98 13 50 45 27 84 36 
42 89 57 58 12 66 67 60 92 86 
3 24 32 86 54 33 4 7 88 9 
14 25 59 60 75 12 36 63 72 48 
23 22 48 84 36 98 59 15 26 34 
93 92 67 8 11 77 28 74 75 41 
59 29 74 32 74 57 37 75 3 57 
94 69 18 33 89 96 48 58 27 23 
27 77 13 58 100 67 67 21 3 15 
47 41 85 40 40 27 85 53 67 41 
34 83 8 90 73 13 12 2 92 34 
14 33 95 96 33 2 48 99 79 17 
47 78 31 82 19 62 61 34 58 13 
45 82 76 78 31 27 91 33 100 37 
43 32 56 38 87 56 35 58 88 97 
78 33 5 60 79 64 35 36 70 50 
50 76 37 65 84 10 15 18 26 47 
3 64 34 34 1 58 9 24 54 95 
14 52 38 95 87 62 87 15 88 67 
3 51 95 70 4 97 12 81 47 25 
86 42 17 30 92 70 50 46 60 77 
24 13 45 17 32 82 7 71 90 99 
11 6 15 45 88 83 68 91 100 2 
80 13 98 84 32 7 80 45 24 94 
46 97 7 54 47 75 32 78 87 36 
41 44 73 14 38 8 9 32 62 13 
15 4 3 40 52 66 69 79 1 72 
8 21 29 24 3 31 90 30 9 99 
5 5 6 50 67 70 89 62 7 101 
34 60 54 84 43 29 75 34 100 93 
60 27 66 54 54 7 81 94 7 14 
74 9 25 15 73 20 82 97 66 1 
99 7 41 82 80 35 85 86 27 63 

