68
13
54
56 11 56 12 22 42 39 10 33 60 
18 63 35 32 5 28 58 63 31 56 
57 41 5 23 48 40 16 41 25 9 
40 33 48 1 7 30 58 29 31 67 
39 1 31 60 47 55 34 15 28 67 
5 4 42 17 42 36 58 62 20 10 
4 25 36 19 21 31 12 29 10 48 
9 53 62 67 30 57 32 39 14 2 
32 12 56 32 11 13 17 50 17 15 
23 30 5 28 47 38 65 54 20 4 
8 52 7 46 25 16 64 59 7 12 
35 59 47 62 27 27 59 21 5 34 
34 59 45 12 23 66 14 41 53 43 
25 58 41 51 22 33 21 54 6 14 
6 16 17 13 60 55 38 29 29 4 
8 57 51 38 37 50 12 39 16 36 
3 25 3 59 27 39 65 40 15 68 
59 54 4 41 7 22 5 47 17 42 
58 16 59 50 49 2 65 24 18 43 
43 20 31 54 20 28 54 45 68 39 
67 17 16 62 43 25 47 2 42 41 
60 44 38 52 40 13 5 7 23 56 
49 7 24 21 37 11 45 4 37 27 
44 55 63 57 38 55 56 3 54 6 
54 28 6 37 31 35 61 55 54 14 
7 16 4 16 24 19 27 24 21 23 
34 11 11 54 22 52 28 64 43 21 
1 39 44 66 24 25 49 44 47 28 
23 10 18 12 42 11 16 39 5 39 
7 32 8 18 10 26 41 41 36 24 
58 19 19 39 58 65 30 19 64 3 
51 18 45 14 41 22 56 22 22 64 
42 28 36 62 24 62 45 33 23 20 
11 32 33 31 8 33 12 41 8 43 
65 23 49 55 61 41 31 58 31 5 
37 49 8 66 40 10 6 46 28 53 
44 7 63 21 27 7 10 68 44 44 
7 24 32 60 27 44 51 66 21 22 
40 12 44 60 38 48 8 5 60 19 
27 28 7 46 27 36 8 16 1 25 
12 12 63 56 32 47 43 9 35 25 
30 6 49 41 45 34 36 12 67 58 
7 3 19 66 59 42 56 33 64 61 
56 4 40 43 5 9 6 63 45 28 
25 49 8 26 22 28 64 29 27 14 
26 49 39 63 1 13 66 1 20 21 
17 22 25 4 49 47 26 48 1 18 
30 17 64 36 66 60 23 21 30 3 
49 18 68 58 66 22 1 66 24 62 
26 64 61 58 8 25 44 14 57 49 

