70
14
56
4 19 8 7 41 22 63 39 49 9 
51 3 26 8 37 39 56 69 27 52 
55 66 12 10 17 26 70 63 5 32 
25 59 70 62 70 60 23 67 34 21 
35 57 50 45 5 5 40 45 33 7 
8 15 22 2 68 60 3 28 19 67 
32 66 46 38 44 14 56 60 47 10 
16 11 32 30 47 15 28 20 16 39 
24 31 42 43 22 6 2 15 62 37 
27 13 35 38 52 54 28 30 32 5 
2 50 63 24 18 10 56 37 49 58 
35 12 46 30 21 25 52 61 4 1 
42 34 32 4 32 15 16 65 41 49 
10 13 48 8 60 62 34 13 59 4 
24 8 45 36 12 3 12 36 33 21 
52 51 25 54 67 61 10 3 62 15 
25 58 1 26 50 24 38 3 20 46 
16 66 39 48 45 63 26 64 35 25 
58 48 54 13 12 44 1 41 27 24 
42 19 4 11 50 17 44 55 28 21 
45 58 32 47 64 66 38 55 6 8 
36 58 19 42 29 51 6 29 4 57 
36 26 42 50 25 2 70 12 26 11 
69 55 17 62 6 57 32 65 62 11 
49 70 28 19 63 54 5 68 14 14 
2 7 67 61 42 42 4 37 8 63 
60 44 43 65 49 19 46 31 26 62 
46 13 20 64 34 20 31 37 52 52 
17 40 16 27 33 31 32 30 18 54 
49 70 69 34 20 30 11 66 52 51 
67 24 41 26 58 7 13 28 4 20 
27 63 9 13 46 54 27 65 8 37 
30 61 20 63 35 43 14 37 7 21 
19 55 33 15 25 62 10 16 57 60 
31 60 64 29 46 52 34 33 37 27 
41 70 49 29 1 8 57 16 4 61 
50 5 44 10 70 5 15 54 33 9 
20 43 12 9 48 4 2 46 22 23 
40 37 57 70 6 24 20 24 67 63 
69 19 6 22 42 24 10 60 39 12 
19 20 40 46 46 9 66 47 45 59 
41 15 18 12 27 27 22 58 55 51 
41 59 37 62 10 38 21 45 28 66 
2 1 31 6 34 6 41 37 51 10 
13 8 2 22 62 3 48 29 32 54 
6 58 36 17 21 45 11 56 21 24 
21 56 66 3 4 30 67 69 47 44 
44 57 13 61 3 53 48 47 20 23 
56 40 34 61 62 24 51 32 30 32 
14 58 12 26 51 28 31 26 16 14 

