136
27
108
81 1 61 79 8 111 64 12 27 27 
75 121 5 42 74 99 44 53 37 110 
89 98 24 105 2 16 28 50 133 110 
69 113 90 81 85 10 105 37 85 94 
61 100 21 58 25 31 77 91 129 124 
34 105 97 52 10 60 19 90 128 109 
5 13 133 121 83 87 136 57 26 106 
108 24 89 63 47 70 21 96 57 119 
92 104 106 120 62 40 126 14 4 96 
125 56 3 44 57 87 70 75 35 42 
100 11 13 61 29 7 91 63 22 52 
92 136 109 48 128 55 135 99 106 123 
63 65 119 70 93 113 32 90 55 90 
76 35 9 54 128 65 68 40 61 40 
68 16 43 121 57 95 91 91 100 4 
93 75 80 5 116 120 81 34 117 60 
28 55 96 39 34 106 57 52 13 23 
52 104 18 107 35 25 106 40 119 17 
75 29 45 62 1 38 6 11 136 82 
128 66 129 57 69 28 70 20 120 80 
55 132 122 54 112 79 102 67 23 82 
1 131 103 36 110 36 85 73 98 118 
133 52 71 94 109 9 7 126 37 104 
5 22 19 93 92 51 49 45 112 74 
12 78 92 48 110 29 31 30 48 71 
50 103 71 32 121 22 109 16 124 111 
114 103 129 77 112 132 104 57 41 77 
4 86 56 9 59 106 104 56 13 112 
110 16 95 18 54 72 65 61 8 104 
89 18 23 6 5 24 40 22 4 63 
56 84 35 109 50 4 48 104 100 89 
52 10 57 91 60 67 118 130 28 3 
12 72 87 89 71 135 73 85 53 24 
107 110 106 7 117 79 136 74 78 46 
11 2 109 8 136 41 58 109 88 103 
36 19 98 100 118 80 120 6 129 107 
101 61 42 52 90 102 49 24 12 41 
73 9 43 108 46 128 89 58 49 81 
88 94 72 135 20 83 82 99 7 44 
116 111 62 11 113 88 72 38 5 109 
11 30 131 83 130 96 16 15 128 71 
133 19 86 4 18 6 46 86 10 90 
59 104 19 18 69 52 11 113 21 108 
110 24 13 66 106 87 47 18 109 133 
103 27 67 1 54 93 6 86 6 117 
122 54 124 105 3 88 34 3 1 9 
66 60 110 113 13 113 90 103 4 5 
53 18 9 124 129 25 132 66 39 118 
88 128 114 74 113 1 35 52 33 25 
101 100 50 94 41 116 63 73 136 123 

