25
5
20
22 16 14 13 1 8 16 16 6 18 
2 6 8 14 25 21 4 21 1 22 
20 5 24 11 17 20 12 6 6 17 
11 17 21 16 11 4 1 4 15 23 
16 13 17 16 2 16 13 24 16 25 
21 23 15 14 23 1 25 17 12 2 
7 11 23 18 14 8 14 25 1 19 
25 21 10 25 21 14 25 13 9 20 
23 9 25 8 9 5 3 21 23 12 
4 6 2 22 19 2 1 4 1 14 
22 6 20 9 5 2 17 8 12 9 
13 17 23 11 5 18 4 22 10 13 
23 1 22 12 11 6 17 22 8 13 
19 9 17 15 8 25 13 23 5 2 
4 2 23 8 22 17 18 5 5 7 
7 17 4 10 12 14 6 22 12 7 
19 6 9 19 9 8 2 13 25 14 
10 7 25 12 25 23 22 20 8 11 
5 12 9 20 2 10 25 11 14 11 
6 13 25 24 22 1 15 18 12 1 
18 2 23 2 3 25 9 17 21 24 
8 21 20 5 20 14 19 14 5 9 
15 6 20 2 16 10 17 10 1 4 
22 21 12 4 6 21 24 22 15 6 
3 15 12 10 2 8 6 5 8 2 
22 5 4 1 23 23 25 2 1 15 
8 19 1 3 7 25 7 4 5 7 
11 1 14 20 8 1 24 23 24 5 
3 13 21 11 7 10 24 2 1 25 
13 22 5 14 1 5 22 16 7 1 
23 20 11 23 25 11 15 11 16 16 
13 10 25 24 3 23 5 22 18 8 
7 21 9 23 1 6 22 16 7 3 
8 2 1 7 24 7 3 13 12 22 
10 17 8 15 12 6 21 23 12 15 
19 1 22 1 19 22 13 16 11 9 
10 5 22 21 21 6 21 7 13 23 
4 1 5 2 25 17 17 20 12 24 
13 8 16 21 17 21 15 24 3 2 
3 25 3 11 16 23 15 24 23 19 
3 22 8 12 17 4 12 4 14 8 
23 15 10 6 25 19 23 17 2 22 
1 18 7 4 25 8 14 23 21 8 
9 5 22 12 24 5 23 5 4 16 
20 5 11 3 24 1 3 19 24 22 
19 13 6 5 6 12 19 17 23 9 
9 15 11 25 18 15 7 23 11 24 
4 21 14 21 13 9 21 14 13 20 
15 4 19 11 14 12 9 14 24 20 
14 19 4 18 6 12 20 21 6 20 

