117
23
93
108 48 31 76 74 78 68 32 58 73 
79 89 3 107 1 91 94 72 36 67 
11 94 67 110 108 31 19 19 65 23 
69 18 76 93 20 29 53 37 13 44 
114 52 77 83 32 98 93 44 55 35 
43 58 114 16 24 48 89 109 116 4 
84 52 23 80 73 97 87 43 89 13 
41 63 41 86 72 76 91 21 95 36 
24 75 105 81 53 4 80 68 51 26 
3 59 69 37 85 2 79 109 3 8 
30 60 48 44 40 63 65 41 70 99 
70 112 80 14 42 34 45 81 40 82 
82 43 25 116 52 115 91 70 44 92 
28 48 30 62 97 78 27 42 74 25 
82 116 56 5 83 3 47 34 102 93 
21 85 63 106 7 78 20 89 94 61 
34 48 28 66 37 76 109 107 68 53 
65 18 3 1 78 73 72 6 5 114 
68 67 50 90 51 48 86 61 2 84 
39 33 46 37 65 108 44 84 29 86 
75 73 82 2 105 99 13 19 40 41 
106 116 84 108 84 93 96 55 117 10 
18 30 82 42 3 98 14 62 100 14 
20 80 115 51 116 111 64 103 62 106 
34 10 20 82 42 110 44 79 65 93 
100 44 43 34 69 100 108 66 2 80 
50 52 76 72 75 56 73 53 31 75 
103 3 59 13 21 57 81 94 55 21 
115 39 3 116 61 31 22 34 82 113 
34 14 7 81 62 106 65 27 80 21 
96 17 31 28 80 25 44 10 21 80 
28 1 106 84 20 109 56 39 77 30 
115 67 86 35 67 15 61 24 52 79 
88 35 56 67 23 107 26 78 111 25 
104 2 86 78 86 79 12 60 37 29 
30 10 67 83 9 22 24 51 26 49 
1 68 8 57 97 19 39 72 102 101 
115 114 77 64 114 13 18 52 103 92 
91 38 95 21 72 89 82 57 24 63 
49 52 40 69 90 77 116 92 6 105 
17 21 86 83 34 67 70 11 101 105 
8 94 57 40 56 106 105 94 82 62 
57 94 5 68 44 23 56 37 68 18 
31 16 5 20 8 115 104 4 105 107 
102 50 81 59 68 95 94 47 84 48 
26 3 64 66 97 54 70 92 93 91 
99 9 100 95 65 25 98 110 115 90 
44 79 54 65 6 109 100 39 107 105 
13 53 117 30 25 1 115 95 108 45 
99 64 30 66 18 103 109 50 16 56 

