127
25
101
55 123 4 8 112 77 97 21 7 72 
8 33 53 108 60 54 114 2 50 20 
45 96 30 32 96 92 96 16 103 50 
90 27 43 11 43 123 1 74 91 95 
41 20 1 121 95 98 2 12 23 118 
35 50 90 49 126 103 114 87 9 49 
78 40 87 26 76 8 9 127 4 97 
8 103 101 12 50 64 42 126 21 105 
45 8 91 68 41 61 125 65 50 24 
126 71 32 74 56 60 5 88 35 83 
21 36 113 95 55 27 66 96 21 95 
115 74 42 81 79 99 112 61 86 14 
113 99 90 19 93 90 44 72 126 97 
76 47 95 117 100 82 52 17 33 29 
103 67 81 6 119 70 70 18 24 74 
120 60 74 80 94 71 84 125 51 6 
58 97 31 99 102 77 71 114 114 110 
67 12 127 3 65 100 31 24 55 18 
51 9 84 70 5 86 118 31 81 118 
76 112 27 64 40 95 117 10 8 71 
21 110 47 16 117 110 22 54 67 17 
95 55 4 46 64 5 99 8 66 37 
83 72 116 98 43 51 27 64 32 28 
103 95 37 77 114 109 43 67 127 63 
79 16 54 83 55 48 11 90 73 112 
53 55 38 100 95 106 41 91 49 93 
50 86 91 57 72 19 64 39 107 107 
109 97 107 31 4 38 125 67 63 5 
42 45 123 20 105 8 71 28 116 28 
39 59 20 126 87 18 121 102 46 79 
52 93 113 55 22 3 105 80 116 101 
120 74 104 33 22 91 98 46 23 68 
126 104 50 12 92 9 9 77 103 103 
106 105 65 10 105 84 104 12 33 114 
35 58 12 78 55 33 83 76 30 125 
16 38 52 55 75 104 113 92 102 6 
34 81 16 85 105 45 120 112 88 121 
3 62 16 113 89 92 29 94 46 110 
124 104 69 76 50 21 49 87 39 22 
112 37 113 50 125 21 11 3 57 84 
7 93 26 99 98 40 99 114 67 98 
5 90 44 44 114 120 57 6 54 97 
62 94 124 23 36 125 113 83 39 91 
87 94 20 78 1 93 11 59 8 26 
90 113 82 66 12 48 122 50 33 5 
4 20 90 54 46 109 80 39 2 56 
120 103 59 49 23 67 31 124 84 50 
51 98 68 32 9 109 94 59 81 24 
80 27 79 121 99 103 65 49 94 100 
95 73 54 19 44 106 121 123 105 72 

