198
39
158
45 139 65 50 191 119 133 61 39 157 
134 132 158 115 127 26 29 19 185 120 
183 37 178 34 15 177 19 65 99 27 
59 27 74 32 192 67 102 56 149 126 
82 151 130 52 105 75 65 197 71 40 
12 116 151 59 172 90 127 35 154 197 
76 58 184 79 182 89 116 162 181 126 
160 142 59 120 30 7 192 90 51 122 
173 144 194 4 165 140 136 14 130 148 
36 146 51 146 120 20 92 78 92 3 
102 169 36 110 97 35 174 24 29 96 
130 120 160 92 102 126 132 80 169 87 
78 8 185 177 189 11 63 50 185 167 
113 15 104 75 40 122 27 160 108 76 
40 154 33 7 39 32 77 121 189 94 
108 156 185 143 153 66 91 89 115 16 
148 74 140 22 198 44 150 20 51 11 
108 187 146 131 91 1 62 72 83 176 
71 14 126 59 129 34 120 71 77 70 
167 67 26 158 2 132 135 186 111 86 
147 65 23 44 162 7 13 146 57 55 
44 192 107 99 107 116 86 117 17 13 
119 116 64 168 163 2 190 111 97 119 
19 20 92 16 88 12 58 146 9 169 
142 186 196 92 149 156 171 137 194 13 
143 189 38 76 84 115 21 117 5 11 
142 80 152 43 19 181 137 132 99 107 
34 27 87 74 73 100 160 76 176 172 
45 152 158 173 127 193 31 1 11 25 
57 74 108 107 20 117 125 168 110 83 
50 78 27 196 189 166 23 17 133 123 
34 143 153 99 9 193 23 61 191 3 
195 162 12 80 63 147 94 62 75 61 
176 3 46 41 195 52 60 18 74 23 
124 130 71 190 50 59 89 33 196 91 
97 123 174 14 66 79 88 83 48 36 
86 112 141 197 144 35 162 137 10 97 
188 13 110 138 96 141 61 110 137 122 
17 80 124 84 112 182 66 95 5 65 
164 88 57 13 89 54 193 89 91 58 
93 167 134 24 33 189 18 55 111 80 
177 171 35 55 120 168 98 7 98 29 
1 157 53 76 85 183 146 10 175 83 
185 16 121 84 136 49 58 54 51 130 
104 116 14 153 136 117 151 120 103 8 
132 42 60 122 96 82 158 50 104 189 
164 106 110 76 125 141 181 157 57 158 
27 51 20 20 132 118 84 56 83 134 
133 97 181 63 148 100 187 48 128 67 
99 141 177 121 167 142 134 39 115 52 
86 9 101 42 120 190 76 99 97 19 
21 111 86 154 128 33 119 87 183 155 
94 27 95 39 104 35 85 111 157 3 
121 17 42 18 4 13 154 172 128 128 
80 195 144 22 124 16 64 72 20 45 
133 166 148 165 121 1 185 36 90 124 
63 33 91 195 110 182 161 16 129 55 
197 91 132 131 178 1 132 131 75 77 
19 18 117 86 103 103 84 34 194 158 
90 57 123 27 148 122 6 152 29 167 
164 94 171 158 178 113 4 154 97 190 
10 39 64 32 61 28 114 136 126 172 
118 174 38 194 158 98 169 41 140 107 
14 87 176 157 68 98 7 90 79 36 
74 167 38 151 1 13 56 43 47 8 
32 3 72 190 3 101 148 65 79 116 
122 58 26 39 11 170 185 166 29 144 
159 17 168 109 133 196 84 69 129 190 
120 185 72 81 150 91 168 197 110 109 
155 151 128 123 164 174 127 137 124 104 
187 178 175 110 183 181 126 122 9 106 
182 116 75 28 163 12 177 10 89 141 
147 125 90 181 92 196 151 114 32 6 
152 74 43 150 174 5 118 185 181 1 
95 160 6 154 41 96 29 162 96 68 

