163
32
130
37 147 128 79 143 56 84 159 107 83 
110 75 72 160 125 153 142 133 139 89 
63 152 134 159 77 57 53 159 141 95 
135 140 132 47 140 86 1 128 154 8 
109 84 141 29 162 113 56 121 14 77 
23 115 129 64 147 72 37 107 99 124 
87 131 149 52 8 106 147 61 147 51 
148 161 159 107 18 102 149 74 145 114 
113 91 162 52 123 37 76 113 159 37 
142 42 148 13 73 72 55 79 49 25 
154 158 163 61 4 123 154 67 140 138 
131 76 112 68 122 6 6 116 48 50 
51 132 143 89 75 106 81 3 154 149 
147 45 95 90 127 140 60 150 163 40 
53 66 99 58 137 143 19 47 146 66 
44 14 108 97 33 44 123 112 144 56 
5 119 97 69 108 27 53 89 131 81 
138 152 102 57 19 81 24 80 21 131 
43 84 55 19 34 125 90 96 79 156 
32 52 102 146 95 84 22 146 120 98 
6 144 15 90 129 39 11 59 19 125 
6 8 18 117 100 45 17 42 27 54 
160 100 120 124 93 87 150 85 113 85 
43 17 104 132 69 87 27 9 108 81 
44 67 157 62 111 10 2 28 66 117 
61 34 29 46 32 131 162 9 150 84 
113 113 130 41 153 81 101 24 139 134 
57 30 17 10 107 158 86 131 145 3 
44 40 52 159 23 79 56 26 8 70 
125 61 129 92 129 140 7 78 110 72 
162 37 46 49 86 81 3 24 61 20 
38 16 132 153 160 63 50 127 67 145 
148 70 45 101 92 60 66 151 58 131 
58 32 111 88 73 60 27 86 24 86 
58 121 118 105 65 13 163 8 143 30 
135 21 130 40 40 108 1 71 58 67 
137 124 79 160 124 23 46 45 163 77 
153 85 60 150 126 65 33 78 56 127 
160 141 53 114 81 115 120 29 18 154 
101 18 155 139 39 20 65 139 95 71 
115 154 153 10 138 83 57 53 46 34 
89 140 70 33 72 64 21 145 42 83 
20 33 101 115 64 108 96 20 51 98 
24 107 7 152 43 161 151 146 87 20 
100 111 42 148 24 140 1 95 16 118 
20 43 153 10 146 58 141 32 49 78 
87 16 158 142 139 86 60 8 159 23 
129 78 99 40 130 154 77 90 123 70 
83 18 17 39 85 18 123 133 151 149 
91 32 15 108 146 110 157 125 94 142 
43 51 109 78 50 66 140 126 69 77 
60 134 59 110 6 127 84 60 117 108 
153 85 83 100 6 102 93 148 130 123 
147 85 130 93 38 90 136 40 55 119 
45 79 112 142 124 155 82 53 141 64 
96 9 40 110 106 118 57 157 137 13 
148 35 115 70 130 96 90 161 49 129 
163 63 26 38 71 88 91 40 106 13 
16 27 119 32 138 94 133 44 144 15 
65 63 64 123 100 87 81 2 50 6 
106 3 19 113 89 28 89 73 52 20 
60 157 144 137 163 26 27 103 84 81 
65 142 32 128 76 151 150 118 106 4 
30 141 11 110 6 100 73 143 7 70 
108 54 52 142 150 139 131 132 111 127 
76 97 82 47 68 124 153 35 118 109 
105 46 68 99 72 9 148 149 112 112 
14 62 67 100 83 51 123 104 45 118 
158 140 134 74 67 124 90 83 57 25 
84 131 76 157 134 61 116 57 110 34 
161 94 134 129 125 60 82 107 113 60 
151 15 58 57 100 12 95 142 63 12 
146 26 57 131 27 132 17 37 42 53 
44 47 144 54 124 101 18 161 148 109 
60 77 113 119 84 65 121 18 70 45 

