29
5
23
3 14 7 2 3 28 26 9 4 7 
28 15 26 24 28 17 28 3 6 27 
3 27 21 8 7 23 10 8 17 16 
20 6 19 12 4 5 26 18 24 21 
8 28 18 24 9 1 19 2 28 16 
18 22 28 5 23 11 23 29 15 2 
19 8 17 10 26 15 14 2 25 3 
20 5 27 19 4 17 27 14 20 21 
27 23 17 7 15 17 27 15 25 20 
1 1 5 23 17 6 22 13 5 8 
28 9 26 21 18 26 24 15 11 6 
24 25 2 9 24 1 4 14 11 25 
23 7 23 16 23 29 1 22 24 19 
10 19 23 23 25 5 20 5 7 15 
19 13 21 29 21 29 23 16 28 20 
3 2 26 20 23 21 26 6 16 9 
3 11 24 28 25 11 10 4 25 17 
11 13 11 8 18 25 17 23 23 4 
20 23 17 26 14 4 15 21 21 24 
20 14 13 16 28 29 29 16 13 14 
17 1 27 10 21 21 16 9 25 3 
28 5 9 13 8 23 6 7 20 8 
2 21 6 18 21 24 14 5 10 2 
3 27 25 10 4 5 29 1 13 1 
4 3 13 28 18 12 15 13 2 17 
29 1 9 3 9 28 23 21 29 6 
21 26 5 3 7 28 15 1 17 14 
16 25 24 2 24 11 3 24 7 14 
29 17 13 3 11 6 17 8 4 7 
17 24 10 2 13 5 28 14 21 16 
21 29 18 17 3 20 20 20 26 20 
1 27 14 17 6 4 23 20 19 20 
19 13 22 15 12 13 19 5 10 8 
7 1 3 5 17 6 19 19 9 11 
4 5 3 17 28 16 27 8 24 22 
16 19 21 10 7 7 29 19 6 17 
2 20 21 4 11 22 5 18 28 15 
22 17 19 12 18 20 15 8 24 11 
12 20 27 16 27 22 16 11 1 2 
28 28 4 29 16 24 2 3 26 8 
1 25 1 15 7 27 24 22 21 11 
6 21 26 1 25 1 25 22 28 17 
4 18 15 23 17 3 4 3 3 5 
20 21 1 3 14 22 24 14 4 14 
6 10 18 28 23 9 28 27 12 5 
21 16 14 27 11 20 9 16 2 7 
2 24 12 20 19 8 25 18 11 6 
12 12 29 20 15 11 14 20 6 13 
20 15 11 9 13 8 24 1 3 8 
24 5 13 17 25 28 17 2 24 26 
29 1 6 24 15 25 19 4 24 5 
9 22 19 29 2 24 20 4 17 10 
5 21 28 20 18 6 19 14 24 23 
3 19 23 13 2 5 21 21 26 12 
14 19 6 16 17 14 5 6 23 29 
23 1 26 2 24 20 6 1 8 18 
7 23 1 9 7 8 24 6 6 13 
17 26 6 28 10 14 29 12 27 7 
6 17 10 20 27 17 22 14 16 20 
18 16 14 18 20 2 5 20 29 13 
8 7 8 3 7 5 8 19 22 14 
23 2 20 2 9 10 15 13 14 14 
20 18 6 15 26 13 5 24 11 5 
9 12 2 21 8 22 8 13 19 28 
23 12 10 8 27 29 9 12 20 5 
3 8 13 15 21 8 18 21 19 12 
16 5 11 4 12 4 28 26 16 12 
24 12 20 19 26 26 14 14 26 1 
19 11 21 23 8 29 13 7 10 3 
19 16 29 20 2 20 24 22 18 17 
11 19 24 29 25 8 12 13 15 9 
9 26 20 5 24 10 23 4 8 28 
4 9 8 17 27 10 27 8 29 11 
17 28 17 8 25 26 5 1 21 21 
4 20 15 22 9 11 24 4 7 12 

