196
39
156
34 174 97 174 188 10 68 99 96 93 
92 42 91 177 145 163 97 146 31 115 
67 195 162 167 99 114 134 74 97 20 
168 143 55 76 26 112 189 100 92 6 
100 24 87 38 159 59 173 123 49 35 
86 75 185 181 77 190 56 64 127 180 
71 192 186 81 37 125 122 31 22 101 
19 82 149 50 92 147 117 60 98 34 
46 147 99 129 194 169 100 194 180 103 
130 164 133 86 120 37 165 127 143 80 
153 89 105 28 22 140 84 116 151 46 
78 95 19 140 133 57 119 32 163 107 
188 100 122 76 142 168 194 123 73 27 
34 31 162 47 136 87 76 161 183 133 
114 86 130 145 177 182 25 136 107 122 
134 22 170 34 12 115 10 43 161 68 
181 69 90 153 189 174 120 81 182 25 
180 44 174 4 101 180 50 176 102 42 
32 98 56 143 79 182 106 101 192 38 
25 58 14 195 104 111 49 173 185 75 
48 6 179 3 27 35 22 99 122 80 
130 11 131 186 94 134 1 61 62 86 
15 114 87 79 92 2 24 172 150 167 
83 80 61 31 193 43 150 166 42 72 
30 75 192 80 56 104 121 184 119 72 
115 160 36 175 121 61 5 89 16 164 
15 47 39 188 1 48 74 180 22 170 
106 137 113 5 58 189 52 120 159 123 
171 102 112 72 73 127 109 124 194 101 
97 55 69 140 52 40 161 177 11 70 
140 140 53 48 31 61 30 88 16 138 
86 21 91 147 69 48 73 148 143 85 
47 156 173 78 193 50 11 136 138 133 
132 183 156 109 7 111 84 143 109 140 
192 39 78 135 9 191 86 69 42 126 
93 60 124 41 151 26 167 194 190 20 
8 65 148 144 94 152 180 30 31 185 
10 183 15 149 8 8 62 55 78 25 
120 106 34 84 109 11 98 51 76 182 
187 180 23 20 125 10 138 190 16 90 
108 56 86 97 132 176 76 177 10 35 
139 51 129 32 140 165 137 160 182 53 
32 49 61 6 40 64 23 191 99 171 
61 163 174 115 55 157 18 14 36 171 
177 132 53 113 6 91 101 181 25 128 
87 14 179 38 164 40 79 137 147 44 
50 34 41 121 37 23 56 8 74 189 
124 152 102 101 12 42 12 115 186 159 
160 70 170 145 81 136 143 180 122 162 
131 21 135 145 34 103 184 160 18 160 
43 62 97 35 191 28 96 30 193 166 
139 50 196 74 48 148 172 92 127 69 
183 37 109 87 139 99 14 189 127 108 
116 145 52 137 31 178 180 15 75 190 
94 172 36 183 165 133 62 41 35 85 
153 159 34 52 130 96 185 115 8 164 
184 63 138 146 149 72 126 74 120 114 
19 8 95 89 29 143 178 111 53 88 
91 25 14 191 155 189 71 162 23 86 
66 196 161 41 75 27 140 46 8 44 
110 80 141 117 44 139 8 15 46 52 
112 23 193 23 113 104 91 24 132 180 
117 27 158 24 20 142 17 84 100 182 
166 73 181 89 82 85 194 157 164 57 
134 8 180 110 106 12 113 128 7 77 
39 41 84 127 21 122 77 62 24 120 
135 50 49 69 64 96 9 188 38 63 
53 170 192 162 123 133 67 64 39 186 
54 181 114 182 170 90 190 28 6 124 
43 169 181 62 5 57 25 98 93 27 
29 74 94 172 141 60 172 96 66 181 
182 134 18 86 88 75 97 100 4 43 
104 62 143 167 117 114 124 136 40 22 
149 5 51 2 171 5 144 46 133 119 
120 13 155 54 184 188 91 75 87 102 

