161
32
128
100 104 81 25 22 86 133 13 138 142 
43 40 136 99 51 146 133 137 67 107 
101 40 147 125 137 16 15 81 110 158 
24 111 89 109 46 133 141 31 152 13 
16 69 112 51 112 47 118 36 1 78 
1 89 155 129 141 132 100 26 43 129 
37 24 38 118 151 3 146 146 143 27 
28 39 49 41 85 56 133 151 106 41 
146 9 19 81 82 47 60 154 43 76 
155 1 133 11 149 63 92 80 146 136 
89 19 14 154 156 132 37 36 136 136 
66 36 97 71 8 96 150 94 147 132 
44 33 93 146 94 38 33 119 103 159 
67 52 127 109 61 134 23 72 145 45 
109 59 104 85 82 148 88 125 14 61 
115 12 39 79 142 110 84 110 14 86 
109 157 119 139 60 110 159 41 62 44 
96 86 88 86 53 34 77 50 67 111 
120 55 125 137 132 108 65 123 40 42 
44 143 101 91 113 38 15 28 90 127 
121 124 134 57 150 72 85 57 107 74 
12 63 143 88 11 113 50 76 157 132 
114 112 95 4 24 141 105 128 84 139 
16 36 45 33 114 144 157 158 57 91 
71 101 155 15 52 93 120 85 15 58 
38 47 54 138 109 44 121 28 94 50 
33 122 141 29 81 41 158 18 16 63 
12 38 125 58 25 47 48 51 65 65 
138 97 67 35 87 91 22 108 152 155 
60 69 150 155 69 30 29 70 21 135 
28 151 61 72 141 111 28 88 68 37 
68 62 110 35 42 111 149 3 108 70 
1 138 151 141 110 49 52 59 114 9 
25 117 100 106 53 27 129 142 15 124 
51 93 158 24 69 117 15 18 65 9 
161 114 76 49 134 5 120 111 80 14 
156 44 138 35 161 84 59 45 126 125 
135 142 102 73 153 58 147 149 74 83 
70 140 104 154 36 131 66 65 48 21 
111 5 126 140 43 44 125 83 27 157 
74 123 32 3 61 115 152 44 55 30 
96 91 107 39 49 82 150 88 41 66 
68 134 109 48 22 136 98 130 119 40 
144 70 128 17 130 89 116 50 66 150 
76 97 107 109 39 111 84 14 116 9 
7 106 42 158 51 52 98 120 1 93 
49 113 130 146 5 117 60 151 100 92 
108 80 120 125 134 16 6 117 159 157 
80 6 108 123 151 55 52 84 147 159 
105 58 160 63 159 151 46 124 79 5 
51 130 97 121 54 136 129 45 59 151 
158 36 75 11 149 144 123 137 73 123 
154 138 98 60 67 35 136 104 113 112 
4 75 25 134 121 120 142 55 123 22 
15 26 55 160 110 69 126 147 47 54 
136 81 110 102 158 53 47 83 140 138 
144 150 130 68 144 148 7 21 86 33 
60 156 92 6 66 108 156 67 75 128 
116 51 98 95 73 9 138 147 161 26 
140 2 2 24 154 47 142 111 38 58 
64 133 104 41 48 9 1 154 65 45 
103 82 24 72 79 152 130 68 157 161 
98 93 78 146 132 31 131 112 140 27 
54 18 123 1 42 21 125 63 22 21 
108 29 42 22 108 83 154 59 114 36 
7 31 130 127 83 43 145 122 14 9 
94 28 20 35 31 109 11 76 75 21 
149 52 64 39 35 44 108 85 134 131 
58 10 70 139 35 60 50 126 45 102 
131 108 156 159 148 33 155 94 67 98 
155 96 143 133 29 47 68 71 148 11 
75 58 70 150 44 93 119 120 73 103 
85 96 99 99 128 161 103 55 31 83 
66 58 136 127 30 93 109 38 42 29 
137 64 49 34 147 93 37 75 72 60 

