32
6
25
28 23 30 4 12 17 11 25 15 7 
14 24 10 17 1 3 28 29 13 30 
26 12 26 13 26 16 26 31 5 20 
25 12 29 21 1 9 7 31 29 23 
20 16 16 24 3 9 26 22 1 29 
19 16 19 16 18 20 29 23 10 20 
26 20 30 18 30 3 32 10 23 17 
19 21 9 32 26 16 10 14 23 21 
19 25 20 24 26 10 16 20 21 24 
23 8 20 17 10 9 24 23 29 19 
13 13 15 23 2 7 19 17 11 32 
25 20 10 4 27 28 28 25 32 20 
29 10 23 8 8 32 16 14 6 3 
9 2 22 27 18 10 5 9 7 22 
21 6 18 18 2 3 17 29 18 20 
19 28 19 10 11 14 27 11 15 5 
28 13 16 24 21 31 2 4 2 20 
23 25 16 17 23 21 32 30 18 15 
24 3 4 32 12 12 11 9 14 4 
9 24 13 3 10 16 9 7 30 9 
25 24 8 29 17 4 13 30 26 21 
13 3 7 18 3 17 7 4 24 23 
9 21 14 32 25 17 28 2 7 28 
14 14 19 3 28 25 31 27 26 30 
18 29 29 20 15 8 20 12 6 4 
26 3 20 3 3 4 1 14 5 1 
6 3 15 5 18 13 21 3 18 4 
25 12 29 21 27 14 19 23 16 2 
9 6 20 30 21 3 17 14 24 5 
31 26 4 25 3 25 13 11 28 31 
29 22 22 21 9 14 10 18 24 10 
14 30 12 25 14 28 21 29 29 19 
25 21 20 13 8 13 18 29 18 11 
25 1 16 1 3 25 26 27 8 32 
30 6 20 15 11 5 14 20 14 29 
23 1 3 19 16 1 3 10 14 1 
3 21 20 22 26 21 30 23 17 9 
8 25 1 25 15 13 17 4 20 19 
22 27 2 27 9 8 2 26 31 24 
19 19 13 3 24 2 14 9 18 12 
24 6 13 24 8 16 15 3 21 10 
21 26 2 6 11 13 5 4 29 25 
10 17 10 14 27 28 13 30 32 9 
22 17 8 20 3 22 30 4 17 7 
15 18 25 32 9 3 31 2 20 2 
17 31 16 16 10 6 28 2 14 4 
27 12 9 11 31 23 15 1 19 2 
9 27 28 24 26 10 13 17 16 18 
29 30 14 5 20 25 32 17 22 7 
25 9 25 3 26 3 17 25 26 25 
28 3 27 22 25 30 1 21 21 29 
13 15 3 7 18 8 26 24 27 19 
23 20 29 25 19 16 3 29 23 30 
16 13 2 32 25 4 22 28 1 24 
19 12 11 13 16 32 23 24 27 3 
13 5 31 2 29 15 30 16 19 7 
14 4 28 9 21 16 14 22 29 31 
11 6 17 8 1 10 2 18 23 16 
5 6 29 10 29 19 12 29 16 10 
18 27 3 2 21 29 10 17 15 19 
16 14 8 32 18 6 20 31 27 12 
16 32 28 26 8 7 23 7 8 31 
2 21 18 27 27 27 23 30 12 13 
5 20 23 11 31 4 19 31 2 18 
5 16 7 2 27 29 24 1 8 5 
19 30 13 8 13 6 25 12 15 11 
7 12 31 32 16 10 15 1 15 8 
12 31 14 10 6 5 10 16 12 6 
22 2 29 3 23 1 30 14 3 12 
18 18 20 16 6 1 25 11 13 22 
9 13 27 14 24 26 19 26 3 2 
16 26 6 27 19 3 5 19 17 20 
5 26 6 9 8 5 5 5 21 2 
21 31 6 15 27 23 26 13 30 5 
17 25 10 10 22 2 6 18 11 21 

