209
41
167
116 7 6 146 56 100 143 150 17 113 
108 92 124 45 163 33 20 52 102 129 
82 12 40 135 187 195 134 141 82 78 
105 199 138 147 51 45 77 38 35 190 
136 173 99 151 53 129 53 150 167 131 
122 139 205 87 121 2 69 195 32 155 
72 141 46 124 118 105 51 124 208 108 
70 123 44 23 51 115 5 157 138 146 
72 172 54 93 158 114 122 37 168 119 
131 37 122 160 53 29 152 176 187 120 
42 209 113 78 185 66 56 110 117 9 
208 38 147 38 130 168 23 27 10 115 
55 196 37 147 43 73 67 75 83 80 
27 92 125 176 121 96 22 185 106 101 
178 7 154 80 145 54 47 209 76 57 
28 177 191 81 70 37 22 74 143 13 
6 186 23 1 96 125 180 96 8 81 
123 106 113 58 48 175 199 127 2 197 
70 27 207 169 48 199 137 116 60 27 
30 72 76 209 53 47 50 144 3 32 
142 75 60 3 26 207 180 152 138 200 
90 162 121 78 101 131 179 12 206 133 
151 1 11 78 67 127 190 20 171 166 
169 33 46 170 75 67 137 90 110 4 
195 126 39 131 18 57 98 197 50 36 
205 6 197 103 38 26 61 179 131 96 
151 101 149 34 67 105 11 202 52 91 
29 205 87 154 60 25 144 190 84 128 
91 3 200 114 127 203 63 195 178 183 
118 113 156 17 168 114 90 5 12 189 
172 29 66 203 99 147 105 158 42 74 
133 202 98 167 155 124 113 30 54 25 
189 31 124 43 160 202 209 129 30 175 
22 117 108 16 86 194 40 115 1 170 
191 140 101 4 72 34 206 155 124 13 
15 154 117 185 128 47 195 2 132 159 
123 2 16 161 155 46 136 123 83 59 
147 167 55 44 73 196 56 124 6 42 
187 154 48 104 103 201 5 81 171 173 
125 23 139 16 79 60 88 34 161 164 
17 68 83 43 190 48 192 92 145 12 
185 207 197 110 49 208 46 142 42 160 
75 44 29 19 61 103 193 104 83 81 
110 88 209 189 82 40 128 143 69 205 
158 104 208 5 191 52 64 183 65 127 
77 61 192 111 90 68 77 136 49 61 
77 34 61 132 202 73 116 80 33 184 
123 142 129 65 16 133 46 70 82 103 
81 56 88 129 175 7 25 72 184 188 
19 26 6 64 85 104 67 38 83 139 
32 204 154 40 16 31 110 165 203 31 
147 85 185 112 48 128 8 90 171 26 
169 74 85 16 46 3 164 122 177 159 
119 193 196 193 72 165 87 85 189 160 
187 43 20 191 65 31 163 32 136 150 
153 157 147 184 99 86 74 117 194 45 
85 94 129 23 27 124 112 36 89 175 
57 148 34 21 52 135 89 114 159 196 
63 104 100 89 17 114 122 73 93 164 
23 52 84 68 182 149 69 146 142 167 
184 138 91 206 110 79 117 179 86 181 
74 195 6 160 38 152 85 114 184 167 
182 6 203 73 125 85 45 47 37 45 
35 89 53 176 96 50 64 69 133 96 
181 151 19 148 40 169 39 65 125 102 
125 53 192 98 31 134 129 204 129 69 
95 145 201 184 48 101 56 13 65 90 
25 55 175 5 58 184 136 161 144 95 
113 201 14 144 207 104 64 80 31 182 
195 113 49 83 208 103 199 128 141 167 
73 133 182 196 192 103 159 56 176 120 
76 34 153 52 149 62 20 10 94 45 
130 207 59 35 81 135 97 62 88 57 
1 154 50 68 188 58 83 194 110 209 
123 154 170 69 150 97 118 82 158 196 

