165
33
132
37 50 4 2 116 48 163 144 123 3 
14 133 150 1 162 88 77 17 30 41 
162 63 111 165 36 65 30 42 17 142 
29 135 148 145 84 126 110 45 37 81 
86 44 53 23 76 61 5 162 62 68 
90 127 59 81 123 102 119 20 3 133 
63 79 63 24 138 163 53 4 163 86 
132 47 54 65 143 153 150 29 63 156 
129 20 149 69 139 22 119 123 72 78 
70 131 149 54 150 76 57 83 83 98 
20 43 43 12 122 111 66 96 33 10 
54 158 112 137 58 155 44 27 36 45 
135 121 37 101 119 38 134 156 70 26 
7 41 143 5 90 68 93 65 155 73 
55 36 158 128 19 130 146 5 126 102 
135 59 13 163 33 20 12 81 83 111 
123 148 97 133 22 28 57 134 86 78 
149 155 137 27 59 90 164 49 125 116 
74 62 127 19 45 68 55 153 140 15 
130 154 25 57 157 133 16 163 143 54 
71 47 95 24 16 25 77 40 55 25 
29 15 29 56 27 14 138 9 110 115 
114 162 59 128 37 138 4 94 2 45 
59 25 10 95 44 98 83 102 116 153 
78 153 163 66 119 53 146 137 165 59 
106 161 62 151 67 76 71 130 53 151 
48 73 4 85 106 128 86 161 119 122 
93 95 146 153 19 41 56 51 19 113 
84 165 55 4 164 72 105 115 39 49 
121 47 88 124 160 160 27 15 114 113 
143 2 128 90 155 135 6 56 60 105 
69 76 121 35 44 61 116 117 126 135 
11 66 69 154 123 26 9 135 71 149 
148 119 46 37 114 159 162 66 118 96 
157 69 59 148 96 116 47 95 85 100 
126 6 122 92 142 58 154 163 124 44 
132 75 132 157 46 101 18 64 88 95 
118 97 19 95 119 28 36 49 156 66 
159 58 100 100 129 53 165 153 111 110 
102 121 61 83 160 82 81 108 96 19 
1 83 128 151 35 25 58 57 88 58 
131 137 29 137 85 71 66 146 61 84 
36 56 118 14 71 111 93 47 26 57 
45 146 20 16 126 155 114 100 7 54 
128 16 93 94 31 42 41 81 130 132 
149 63 163 111 115 53 140 74 27 162 
59 69 42 55 132 137 8 29 74 39 
16 71 78 126 131 92 22 134 99 116 
62 33 40 152 157 7 12 148 103 137 
61 135 74 158 89 96 77 24 13 111 
153 47 57 125 94 73 76 75 101 152 
104 9 54 110 108 145 134 97 138 18 
20 22 124 64 55 82 151 23 99 32 
17 119 111 48 105 139 125 59 161 70 
134 99 148 55 74 138 118 55 67 109 
38 83 13 100 16 89 139 98 133 31 
160 73 150 160 76 3 133 48 156 99 
126 70 158 15 108 60 140 76 165 162 
124 92 27 65 74 105 43 127 69 23 
79 66 28 37 97 128 161 73 91 93 
82 113 97 109 39 159 1 9 50 20 
16 67 108 61 126 120 160 46 127 13 
32 113 136 44 42 57 67 160 139 98 
61 113 54 55 126 148 1 58 160 7 
139 101 7 121 10 2 74 17 70 47 
70 101 150 36 55 9 62 83 149 42 
131 44 146 96 163 37 41 116 145 89 
38 69 77 19 57 38 149 90 140 30 
152 110 162 164 138 99 75 147 145 92 
157 44 22 110 158 109 40 101 73 81 
123 44 3 72 92 47 35 107 158 109 
54 157 101 2 69 112 141 54 107 52 
146 23 74 84 139 8 155 99 35 119 
120 141 68 102 132 112 94 132 116 56 
46 8 108 6 118 39 163 125 125 29 

