31
6
24
18 15 4 25 22 16 15 19 14 20 
23 28 14 30 7 16 7 18 6 9 
18 5 1 2 23 6 27 10 30 13 
28 24 1 31 27 16 25 1 28 30 
31 15 29 30 22 17 18 29 2 16 
10 14 6 1 1 22 8 23 15 12 
2 17 16 13 22 1 16 30 15 25 
14 27 10 6 24 15 15 24 24 27 
21 29 5 23 20 30 15 15 4 18 
24 27 6 26 13 23 10 10 10 10 
6 7 17 7 1 10 12 3 28 6 
7 21 3 22 6 15 9 8 26 28 
13 20 2 23 8 19 7 11 13 31 
21 7 19 5 16 5 28 4 16 4 
16 8 30 19 25 22 8 3 17 14 
7 3 16 12 2 26 2 18 9 2 
31 10 21 20 30 5 25 25 3 17 
22 3 11 27 19 24 30 23 25 12 
14 17 6 4 17 31 3 16 29 6 
7 5 7 10 13 17 10 23 4 12 
17 29 30 28 13 31 31 10 18 27 
17 20 3 8 21 4 2 5 2 11 
25 13 4 15 14 12 30 11 17 9 
27 9 24 1 25 23 3 19 1 31 
16 29 30 7 27 20 20 25 21 22 
27 15 16 10 6 3 10 13 26 31 
31 27 31 5 11 6 10 26 1 18 
26 25 4 24 20 26 23 1 14 19 
27 25 31 3 9 5 3 31 22 20 
1 10 22 10 11 14 21 14 16 9 
23 7 25 30 20 10 1 7 25 10 
2 29 4 25 3 5 20 1 6 23 
19 24 6 4 31 22 19 19 6 18 
30 9 29 25 6 16 30 29 17 11 
9 16 15 12 1 12 27 14 28 15 
23 24 27 14 10 26 17 27 17 30 
7 11 9 5 17 9 19 11 18 11 
4 5 28 21 24 23 18 20 20 13 
12 20 3 4 1 29 14 10 23 16 
11 15 1 13 20 9 21 30 28 15 
26 13 24 11 23 30 8 30 5 18 
5 25 24 5 29 29 28 11 8 30 
9 19 24 20 13 13 11 5 27 22 
29 8 18 28 21 3 27 19 10 31 
6 11 14 24 6 8 3 19 5 18 
22 20 9 13 13 24 9 6 12 1 
12 18 1 25 14 12 26 3 12 3 
16 21 7 27 28 16 1 14 5 14 
5 5 20 24 25 27 21 27 16 30 
4 15 3 22 6 12 10 6 24 4 
24 21 20 2 4 6 19 3 20 11 
2 30 18 21 25 6 9 27 13 19 
20 4 25 20 9 15 28 3 30 2 
5 14 12 31 10 20 11 21 20 9 
22 8 11 4 27 12 23 11 24 3 
1 10 3 27 22 17 7 30 19 14 
28 23 14 25 8 10 6 1 20 30 
10 30 9 25 22 26 14 8 13 27 
14 23 5 17 9 2 3 19 24 3 
19 7 15 2 5 3 14 21 31 28 
5 27 2 17 12 5 10 13 7 29 
14 21 1 14 13 16 18 5 12 23 
15 28 29 10 15 5 21 3 16 20 
9 4 7 30 29 7 24 27 17 1 
23 3 14 16 16 14 15 12 22 6 
21 29 11 1 18 1 24 1 27 11 
16 15 1 17 19 16 28 28 23 24 
16 18 16 5 6 30 31 18 8 13 
6 17 13 8 19 9 17 20 19 28 
22 9 27 25 23 17 17 10 23 23 
26 20 4 8 10 6 7 11 31 19 
5 3 3 24 21 15 28 4 4 29 
18 9 3 15 22 30 14 22 6 18 
30 3 5 13 30 9 1 5 1 13 
19 2 26 13 19 24 5 17 22 30 

