111
22
88
36 99 95 26 85 56 85 84 46 33 
22 95 80 33 55 11 62 51 62 91 
83 79 19 11 92 2 44 74 47 67 
97 65 13 108 10 89 82 83 10 48 
54 101 71 107 62 15 84 51 94 23 
106 68 61 38 37 66 43 105 81 101 
54 30 106 18 81 1 110 7 87 16 
61 16 39 72 17 100 11 60 21 9 
18 101 73 19 34 65 31 76 84 55 
72 50 35 59 68 72 72 107 86 33 
35 11 76 53 108 21 52 74 109 25 
89 1 66 33 20 63 44 99 104 86 
46 23 3 23 31 41 31 36 25 86 
57 91 53 53 26 5 81 111 22 5 
64 23 20 106 49 33 28 7 83 3 
25 16 109 73 5 100 49 66 38 5 
89 100 69 97 108 51 103 3 73 98 
56 50 108 61 5 42 73 23 82 71 
34 13 46 93 25 8 32 20 22 92 
11 28 11 80 7 14 1 40 98 102 
77 12 78 96 90 63 90 81 102 100 
97 66 31 1 28 50 78 12 27 78 
29 76 76 5 73 6 66 30 23 83 
86 30 27 88 108 80 6 13 80 27 
11 62 64 62 61 82 2 17 110 41 
53 56 8 75 74 88 56 2 17 15 
50 33 61 74 110 99 14 110 32 40 
87 62 34 103 93 108 87 33 34 18 
72 107 64 6 15 63 95 67 56 93 
5 105 76 54 63 9 32 96 1 94 
41 80 11 58 48 57 28 48 64 78 
90 79 69 11 70 34 7 31 11 6 
67 92 11 48 109 24 5 111 37 93 
105 85 79 23 81 58 60 88 42 43 
86 85 63 31 87 48 36 28 8 93 
100 10 61 78 43 36 15 109 94 90 
37 36 106 40 52 99 28 99 72 20 
3 66 15 11 49 104 70 60 31 65 
6 69 62 6 38 28 110 86 56 7 
36 7 39 49 27 52 68 108 76 76 
22 61 10 32 3 64 98 3 40 71 
17 83 22 83 23 91 73 109 14 83 
16 58 45 2 44 40 69 87 35 56 
63 110 76 54 28 63 64 46 70 58 
110 15 19 76 85 75 99 2 34 109 
25 72 99 78 20 47 82 20 11 24 
23 9 82 8 94 77 25 66 70 84 
62 4 51 23 97 104 33 64 103 19 
59 26 11 109 1 76 15 44 106 19 
89 89 14 42 67 62 81 36 2 97 
17 102 56 84 101 71 71 92 111 36 
103 53 48 41 59 46 50 45 94 35 
72 25 90 9 55 86 16 59 111 20 
81 71 47 10 51 3 24 88 63 66 
78 49 5 48 100 51 82 40 4 14 
104 50 36 87 63 86 11 73 20 5 
49 39 42 104 71 7 76 50 23 68 
108 101 54 9 88 33 32 72 73 94 
74 93 39 27 42 84 97 84 38 34 
45 21 62 67 105 16 48 74 100 7 
27 87 29 80 27 90 106 56 48 72 
96 28 107 9 53 71 84 84 39 53 
51 81 96 105 58 56 99 92 45 84 
96 78 57 2 48 71 82 47 26 39 
65 27 24 5 31 56 104 47 73 108 
104 24 49 42 63 8 108 86 63 60 
13 92 57 94 93 55 100 61 14 51 
29 9 42 78 60 71 38 67 98 81 
29 10 108 22 42 3 42 46 1 6 
56 57 85 84 2 107 37 30 76 69 
40 6 36 34 60 65 68 32 43 11 
63 72 66 54 5 38 27 87 110 73 
101 15 11 28 108 41 6 53 7 53 
74 60 20 14 62 51 88 9 79 38 
107 90 43 48 85 86 105 95 96 25 

