163
32
130
80 109 9 46 27 78 101 153 42 3 
24 123 4 98 3 30 121 128 70 40 
55 82 120 158 79 106 79 104 37 58 
43 47 78 126 143 129 57 78 36 118 
147 71 128 70 82 78 70 159 37 70 
18 80 10 90 119 121 99 85 100 149 
81 158 9 3 4 159 76 121 113 47 
152 143 38 133 83 34 62 155 22 15 
119 126 109 121 38 12 15 57 154 48 
49 35 113 37 66 132 134 18 12 24 
129 159 73 11 73 62 50 41 35 21 
105 60 64 91 159 162 51 83 44 50 
130 121 21 72 99 56 114 153 53 48 
130 82 97 134 67 101 93 18 155 40 
139 142 121 117 67 115 83 149 137 160 
49 41 3 75 38 2 160 146 3 22 
52 125 73 121 121 151 158 106 48 25 
97 11 35 120 54 106 154 34 105 22 
159 63 91 46 33 37 91 72 115 123 
80 110 158 58 112 100 76 17 151 3 
100 23 77 60 135 52 100 126 133 30 
153 139 78 163 12 37 133 113 141 73 
28 39 149 46 70 124 124 73 57 96 
160 108 79 98 149 64 119 18 2 101 
11 123 107 94 16 9 102 47 149 75 
74 134 17 66 49 49 77 108 150 139 
89 117 94 145 100 63 56 134 34 77 
76 116 95 41 102 152 101 44 125 142 
33 143 144 104 139 100 147 69 155 146 
8 55 139 147 111 160 154 160 118 66 
11 12 59 158 1 95 146 28 159 101 
39 25 155 124 2 134 57 107 49 39 
161 74 100 41 24 36 113 61 117 134 
80 103 77 21 73 6 8 122 20 14 
101 105 51 78 108 136 150 19 76 98 
120 89 101 136 70 159 37 77 155 1 
110 127 147 160 103 91 109 11 39 46 
143 109 87 110 15 12 142 95 71 76 
75 15 119 88 106 162 58 67 55 126 
117 143 87 58 51 7 59 160 3 62 
142 74 87 116 20 61 79 153 157 28 
23 151 78 140 20 141 85 42 50 80 
82 66 122 88 55 153 15 145 86 138 
95 146 72 66 98 21 139 48 132 31 
74 146 156 140 57 142 132 34 10 153 
104 120 145 60 105 143 91 119 112 34 
54 103 18 144 17 113 87 15 28 89 
125 140 24 140 160 134 97 51 110 142 
120 116 74 81 103 65 81 162 96 10 
23 17 38 17 44 32 10 161 151 133 
33 47 32 73 74 84 27 114 156 112 
123 17 149 120 107 96 113 47 45 140 
89 70 118 151 83 39 21 127 6 2 
150 14 134 24 147 101 11 70 72 129 
67 77 38 109 85 111 110 49 131 81 
10 55 6 71 160 122 13 96 158 3 
57 67 147 92 101 126 26 91 105 4 
132 151 21 109 18 111 136 73 94 76 
52 111 16 7 35 33 40 21 77 7 
86 103 7 57 113 136 50 27 101 120 
57 57 11 30 101 161 93 150 120 116 
2 121 68 139 123 48 159 126 41 63 
80 109 56 15 12 154 4 78 57 12 
151 22 108 143 123 50 16 15 5 52 
150 76 28 104 69 59 27 131 37 155 
10 24 142 11 78 58 31 61 43 104 
33 4 37 133 130 29 32 44 59 83 
125 74 157 140 158 2 153 15 98 12 
10 126 97 114 18 131 12 111 7 104 
58 48 67 148 145 51 161 138 56 94 
28 144 76 150 62 48 60 17 21 130 
94 134 45 155 67 96 93 143 148 57 
103 22 137 3 21 120 24 136 67 90 
17 149 3 66 70 53 103 57 34 163 
100 131 3 63 60 24 112 57 11 95 
62 161 145 30 89 130 124 24 108 113 
122 38 24 57 76 116 66 18 121 30 
32 51 13 134 36 56 17 84 139 26 
119 40 129 58 88 27 22 11 78 124 
90 150 109 110 114 135 28 123 146 19 
41 140 85 68 130 150 2 13 156 151 
61 50 100 93 153 106 110 130 163 16 
78 15 130 50 137 84 71 56 87 103 
107 55 98 76 36 21 13 115 145 110 
52 112 33 92 146 149 47 30 149 85 
104 77 106 146 127 25 44 19 11 151 
103 100 55 63 46 52 145 44 75 159 
112 50 90 88 49 157 59 59 68 91 
143 88 132 147 6 84 156 10 35 121 
36 76 93 60 96 21 107 12 148 15 
12 137 2 3 133 154 18 99 116 11 
56 121 36 105 113 56 76 66 136 157 
50 50 144 109 101 14 88 71 77 103 
111 157 18 97 92 38 79 29 56 79 
124 52 69 93 51 112 34 146 39 60 
60 94 20 41 63 49 82 155 39 83 
96 122 80 39 124 61 93 48 97 60 
117 73 147 90 90 84 130 140 47 57 
89 39 67 21 134 91 25 113 132 56 
59 163 40 153 90 112 142 48 149 113 

