177
35
141
83 21 105 171 65 67 168 96 59 89 
90 72 95 109 1 96 143 34 94 69 
169 48 99 139 60 109 161 163 141 139 
170 93 162 113 149 67 72 126 131 11 
135 82 112 121 2 20 29 102 29 90 
54 155 163 26 167 80 115 17 175 20 
122 76 69 53 126 100 101 83 38 61 
24 109 162 134 166 78 160 140 177 38 
33 141 174 8 97 161 95 76 67 124 
69 172 50 164 30 23 84 51 154 38 
120 148 45 169 17 83 174 72 77 88 
21 33 174 112 73 117 74 119 6 63 
29 13 156 85 85 126 106 100 74 174 
133 169 177 128 29 142 80 56 131 56 
62 145 8 153 151 54 150 134 176 82 
102 91 109 43 48 50 153 40 149 102 
163 145 144 164 7 165 150 131 15 100 
132 152 77 142 108 103 76 86 137 164 
60 78 94 37 148 162 74 13 88 134 
53 100 96 54 21 37 91 148 76 158 
12 159 117 52 70 96 79 164 83 87 
115 168 114 99 26 55 129 76 39 149 
37 75 95 98 169 107 176 24 175 47 
90 107 106 50 42 14 124 17 153 116 
29 72 171 32 5 48 7 92 170 27 
155 21 56 176 2 44 13 176 84 56 
2 48 98 165 156 94 116 65 3 31 
47 41 29 122 112 141 49 73 30 80 
122 76 150 162 103 142 83 79 122 31 
41 99 91 153 11 45 147 87 49 16 
111 151 114 145 106 112 68 108 69 151 
21 58 3 141 149 138 65 114 5 50 
138 81 88 146 107 67 88 168 87 95 
2 26 167 95 61 77 166 91 98 20 
60 89 63 170 64 32 126 126 150 7 
96 85 38 71 173 12 100 129 86 107 
168 42 19 75 127 110 33 53 125 49 
143 61 29 95 176 83 81 109 75 65 
88 18 138 52 148 88 140 156 9 130 
3 109 122 155 4 87 114 120 132 124 
36 143 72 107 78 23 91 3 33 99 
130 6 19 169 112 133 133 30 51 93 
13 47 36 11 122 116 90 73 175 37 
64 87 135 50 163 94 79 80 129 173 
29 53 32 129 172 127 81 148 113 117 
109 130 7 143 100 141 154 60 176 6 
30 142 134 111 32 93 36 154 57 23 
85 16 154 21 48 119 28 117 39 131 
59 3 153 89 166 169 73 50 150 99 
129 108 72 70 148 45 82 21 10 27 
80 80 94 117 27 52 24 141 102 157 
5 94 68 66 74 123 96 64 51 56 
91 32 12 16 61 73 39 104 38 176 
125 159 96 82 122 75 29 159 155 33 
13 18 144 24 22 23 53 104 70 15 
167 107 11 17 49 126 9 123 132 159 
35 59 120 11 137 171 109 60 151 101 
159 45 156 134 100 62 70 163 40 35 
144 141 64 12 74 107 58 156 16 17 
157 167 167 94 101 166 63 54 105 125 
21 130 109 45 36 67 89 3 23 45 
45 173 86 55 55 87 132 21 141 162 
6 62 118 93 96 142 123 79 149 128 
85 29 80 28 133 27 80 101 125 94 
142 155 169 149 159 79 125 114 144 80 
77 171 63 71 74 131 31 1 165 131 
53 84 34 12 56 169 134 176 112 7 
142 51 3 177 92 41 125 114 133 31 
153 119 128 24 153 59 176 137 163 121 
146 172 108 78 105 37 169 36 19 122 
13 147 80 157 170 160 140 151 168 69 
64 167 123 70 168 12 99 37 58 114 
173 59 18 96 45 172 125 76 174 109 
98 54 92 158 138 72 149 66 99 115 
155 130 150 161 143 40 50 31 47 59 
140 114 24 134 39 109 133 156 143 145 
72 22 83 38 5 93 29 30 58 123 
68 92 113 26 12 169 55 96 62 94 
11 18 27 2 49 84 138 112 83 151 
145 169 39 73 54 119 83 60 11 32 
134 170 158 175 39 109 112 119 70 54 
145 141 176 137 147 17 35 133 32 36 
66 153 62 90 65 137 18 5 169 147 
41 139 141 15 156 111 126 96 127 11 
60 152 21 112 100 10 76 55 162 98 
19 85 139 66 175 81 123 132 142 25 
171 140 176 134 78 132 121 156 15 103 
45 134 143 34 14 102 53 131 46 65 
103 117 65 85 16 48 68 17 135 69 
169 86 135 155 46 77 33 146 52 113 
71 14 42 168 107 112 61 76 45 117 
114 87 105 58 159 61 99 66 97 176 
25 90 161 114 74 139 144 43 131 164 
163 47 6 16 34 132 173 98 50 159 
162 30 38 10 4 120 157 126 1 110 
79 93 60 159 51 39 78 155 57 156 
139 135 53 171 109 136 28 137 154 107 
140 19 118 144 10 12 115 164 149 136 
5 25 117 24 78 50 70 127 53 27 
65 147 32 116 97 13 132 160 120 84 

