118
23
94
13 5 44 114 102 66 4 47 48 110 
63 60 56 93 16 64 38 93 91 56 
70 79 11 22 53 52 80 51 88 102 
7 114 6 69 48 114 108 75 95 26 
61 78 70 79 104 87 90 9 108 51 
67 40 26 37 97 13 81 84 102 12 
62 55 116 39 47 35 26 68 17 58 
90 91 24 9 83 19 75 19 28 117 
14 87 45 4 13 24 13 40 57 3 
17 35 23 63 116 18 107 39 117 85 
93 47 19 71 42 101 47 77 55 55 
33 88 16 6 87 51 86 44 35 109 
10 48 4 62 32 45 36 63 6 27 
94 52 83 13 1 4 106 21 109 82 
107 53 107 88 17 88 74 25 39 3 
44 110 66 13 67 33 82 109 77 59 
84 38 77 38 13 44 2 8 65 34 
87 8 18 57 64 38 7 30 33 108 
88 44 106 41 82 14 81 3 41 11 
31 35 37 46 102 93 66 68 82 72 
68 44 7 42 18 13 64 94 15 76 
115 50 2 104 73 16 96 29 20 41 
34 76 102 33 5 112 67 61 34 58 
107 57 83 108 51 102 18 31 64 88 
59 26 88 43 19 96 89 109 77 72 
69 2 104 54 25 75 19 15 103 65 
76 56 96 52 1 24 113 88 109 80 
42 114 63 85 12 100 85 118 77 92 
115 14 87 80 32 97 69 46 100 117 
49 52 117 53 84 69 22 30 94 62 
24 112 19 15 25 41 104 26 8 12 
5 23 109 18 22 48 7 84 52 33 
63 110 88 109 118 44 76 64 109 43 
66 31 1 89 86 95 94 102 74 9 
21 108 69 112 106 42 75 86 108 28 
48 110 116 58 110 117 30 27 41 4 
97 1 16 1 14 50 58 89 6 114 
78 78 34 38 70 39 85 25 84 52 
105 89 113 16 85 74 49 103 57 34 
5 117 39 27 82 75 73 102 73 24 
102 83 62 4 21 66 74 70 84 81 
53 31 26 89 35 67 15 10 13 63 
59 44 104 47 19 29 68 8 117 29 
23 53 45 47 61 76 12 17 113 51 
31 59 46 40 107 9 83 60 71 29 
103 57 42 82 83 55 3 106 14 99 
29 104 89 26 44 96 85 25 103 95 
79 6 20 34 116 55 33 43 94 68 
86 96 39 89 58 39 64 111 67 69 
63 115 1 78 112 113 54 12 115 28 
88 31 39 74 107 3 105 46 15 98 
104 104 35 5 63 15 103 72 103 111 
51 94 10 117 67 15 9 84 8 39 
43 37 20 25 80 22 102 9 14 94 
22 113 106 79 48 38 66 9 86 77 
101 43 9 98 114 40 6 35 9 73 
3 11 94 86 69 66 70 39 110 113 
46 100 78 1 82 22 3 108 80 49 
73 24 96 60 114 49 14 13 4 111 
2 43 19 90 93 23 71 55 85 28 
95 117 57 69 38 21 54 102 67 65 
59 60 101 11 92 118 24 98 57 72 
30 113 9 92 93 64 79 10 95 27 
28 33 34 21 79 37 68 35 66 15 
67 30 112 105 99 93 47 79 49 99 
81 118 26 88 57 40 118 31 27 5 
83 73 64 5 5 66 103 31 42 14 
100 8 19 63 48 23 67 114 101 105 
57 17 75 17 57 98 89 57 103 58 
63 103 111 92 112 43 106 16 3 46 
110 13 36 29 82 40 99 46 63 41 
67 71 99 69 36 73 74 3 28 33 
40 118 9 108 20 28 88 115 88 91 
62 61 2 61 109 23 25 46 66 1 
6 68 60 16 42 101 70 78 39 81 
112 101 10 92 65 22 47 114 57 49 
43 95 73 99 110 18 14 108 47 102 
67 101 59 10 39 106 48 45 102 65 
62 3 43 81 56 35 75 15 41 66 
27 90 112 63 56 32 117 48 15 67 
109 50 105 39 113 95 22 2 68 46 
29 37 87 114 53 72 48 46 22 46 
40 70 65 11 16 13 7 98 62 90 
84 72 106 98 57 71 56 90 36 47 
78 91 9 1 66 78 100 103 59 75 
64 22 87 60 11 2 31 69 100 11 
49 53 117 40 3 110 98 59 40 85 
67 69 35 109 89 76 92 102 105 74 
84 15 98 21 64 116 113 2 85 93 
67 100 41 109 114 107 106 70 107 21 
35 79 4 4 14 30 42 6 12 1 
108 11 56 93 48 109 12 14 47 110 
71 70 13 94 92 12 97 69 66 83 
62 53 53 45 84 4 50 60 97 117 
87 115 110 38 13 78 96 104 76 38 
114 98 41 51 83 23 60 53 58 31 
118 79 55 81 90 82 16 24 115 64 
28 89 19 73 89 62 16 27 39 68 
11 44 48 30 108 41 106 50 104 105 
107 52 46 22 81 21 12 60 96 35 

