142
28
113
135 66 67 27 119 9 130 114 73 113 
27 117 141 137 131 113 96 114 67 42 
40 90 16 118 26 40 29 75 30 60 
61 73 83 84 97 96 21 7 8 52 
65 18 89 11 88 52 82 141 141 86 
24 46 137 30 69 23 57 36 27 79 
124 55 35 56 3 1 91 116 121 62 
41 129 14 63 69 133 67 130 91 20 
3 53 22 44 112 129 16 92 53 18 
88 89 57 71 13 128 105 71 117 107 
8 69 91 87 123 80 101 95 103 93 
123 85 21 112 45 137 68 36 28 84 
78 29 51 142 115 123 132 7 128 1 
107 123 134 77 65 2 73 18 46 80 
5 25 91 65 41 24 72 4 20 106 
118 62 124 15 13 48 135 39 81 40 
128 134 90 71 93 5 87 131 95 134 
56 125 135 94 50 141 62 89 24 129 
100 34 15 63 59 130 18 32 20 124 
134 67 10 73 102 125 100 97 44 36 
136 49 27 63 124 89 102 121 45 31 
45 36 41 58 68 108 44 67 32 26 
88 100 130 113 103 44 97 118 26 87 
141 105 93 12 73 33 36 121 3 17 
31 111 88 79 105 43 81 4 93 6 
130 73 127 93 23 94 40 77 26 109 
20 79 58 27 102 123 137 82 126 139 
53 52 55 102 128 24 71 45 127 67 
33 130 13 83 101 51 133 94 49 74 
140 16 12 1 44 24 112 8 68 54 
54 74 101 96 15 71 62 15 3 95 
11 14 87 97 129 67 120 45 17 46 
69 129 72 128 68 120 89 138 31 102 
12 2 127 71 109 90 8 131 52 84 
84 124 14 18 68 24 63 49 128 48 
121 85 119 119 7 135 79 59 51 136 
96 93 39 45 8 15 112 108 77 123 
7 118 127 69 7 110 38 60 33 16 
82 58 23 129 4 94 1 70 90 108 
142 78 11 45 141 137 42 113 131 59 
12 80 113 129 49 10 52 50 83 81 
13 6 75 108 18 3 87 48 103 81 
47 6 3 87 114 113 123 62 39 127 
116 93 137 128 61 74 118 51 30 28 
15 39 30 19 129 38 33 96 83 5 
31 104 57 60 118 64 61 129 41 64 
116 112 91 37 117 25 53 8 135 99 
90 46 27 139 109 120 47 111 124 38 
24 95 137 14 73 115 87 132 43 43 
17 17 80 101 15 24 46 141 91 75 
142 30 20 137 35 96 15 78 115 71 
63 37 94 31 64 42 73 80 114 114 
118 29 84 40 60 80 99 85 93 78 
129 94 43 116 94 40 65 22 115 4 
113 10 123 41 138 34 41 95 111 73 
98 45 134 117 75 115 94 32 126 71 
53 72 39 42 29 15 56 142 137 79 
20 50 130 10 2 93 139 28 129 104 
68 71 36 19 140 22 50 108 140 98 
99 130 31 100 8 142 8 22 74 7 
72 43 27 55 123 32 132 117 23 84 
77 114 49 49 76 46 3 66 91 39 
115 25 11 28 6 124 112 115 70 113 
140 78 136 82 54 93 108 67 47 132 
61 83 115 5 134 102 110 20 61 8 
2 126 65 117 53 30 73 113 99 114 
38 32 110 142 98 98 135 57 95 11 
136 27 14 50 30 94 73 141 102 116 
69 80 48 102 8 140 34 28 102 130 
108 24 112 133 100 128 110 23 110 131 
93 120 58 24 80 14 16 44 74 72 
109 71 64 45 30 86 70 17 114 59 
37 91 88 8 20 127 28 44 118 19 
23 12 82 98 114 38 74 99 84 83 
67 46 27 36 71 50 86 56 19 43 
116 22 79 54 94 85 116 27 131 44 
42 107 124 17 101 91 18 64 43 26 
10 92 126 88 20 23 34 75 8 50 
46 118 39 6 104 1 136 23 18 123 
89 1 141 49 49 41 7 61 77 136 
55 15 87 24 43 134 42 122 83 50 
86 27 93 5 104 124 100 126 97 60 
33 6 111 20 137 57 118 96 62 58 
19 9 37 110 1 43 51 39 36 108 
119 67 100 54 37 48 72 10 102 5 
133 21 64 72 2 26 62 29 125 11 
112 15 81 23 86 63 35 90 85 45 
134 67 52 74 8 11 44 79 47 69 
17 63 110 127 98 41 127 28 29 76 
140 101 8 69 70 67 28 85 49 135 
84 26 76 3 119 11 10 80 3 125 
83 83 37 104 97 28 24 28 83 40 
135 52 84 9 79 65 45 6 130 48 
139 57 43 119 18 104 124 21 104 12 
33 58 127 60 73 11 65 11 120 22 
84 100 114 50 11 26 38 105 61 19 
20 132 39 122 110 8 139 85 27 80 
132 46 57 115 21 44 82 17 62 132 
105 83 107 57 136 54 69 75 126 119 
28 16 69 119 136 97 87 1 27 92 

