223
44
178
151 151 163 112 9 109 26 10 98 7 
116 176 92 117 92 150 205 39 163 114 
28 124 106 115 19 80 169 129 171 112 
106 117 199 19 155 11 154 189 221 59 
207 71 164 87 165 68 215 9 51 154 
115 48 47 116 90 135 218 147 154 197 
8 80 118 75 120 179 86 146 69 223 
195 111 131 16 78 1 183 144 74 94 
97 134 184 58 147 180 182 111 221 177 
187 194 90 168 175 106 62 70 117 217 
106 190 134 52 94 195 200 58 139 185 
90 115 16 142 95 220 169 21 150 137 
87 138 177 181 216 42 114 28 156 10 
116 208 124 6 108 65 118 219 158 17 
95 92 74 207 79 145 138 68 6 202 
115 94 120 42 209 145 155 68 51 44 
17 100 162 111 10 1 73 45 26 24 
66 47 200 184 166 147 117 44 144 51 
162 185 40 77 147 18 4 144 115 173 
49 99 82 117 11 26 186 168 19 129 
211 203 39 62 216 122 118 135 16 67 
186 143 195 19 136 211 70 119 72 137 
50 47 156 101 201 30 102 148 133 102 
35 124 111 204 124 212 200 81 106 222 
178 79 79 136 187 111 140 131 25 62 
82 220 86 205 85 91 210 66 76 35 
220 132 55 53 102 111 144 50 29 17 
84 68 67 154 97 36 113 5 98 113 
192 192 192 90 87 67 79 206 206 81 
213 119 90 97 216 165 142 188 122 125 
107 165 44 35 210 82 113 23 209 95 
14 49 121 217 223 220 186 17 163 219 
123 87 217 12 100 99 155 46 114 52 
220 137 200 12 8 37 11 51 42 95 
25 180 141 9 157 109 141 123 191 215 
105 217 114 73 148 64 95 201 107 74 
130 94 54 53 205 25 140 50 44 100 
63 137 57 65 89 17 47 164 153 105 
10 28 130 62 155 9 46 209 85 101 
201 12 99 205 67 49 1 5 218 120 
94 152 80 223 176 142 82 95 200 131 
186 77 113 65 210 194 191 108 136 53 
18 206 199 11 200 83 17 178 3 34 
179 110 159 198 164 24 206 8 28 129 
94 220 105 35 80 194 190 160 41 98 
179 216 44 62 122 150 129 179 33 4 
152 86 84 161 140 140 6 114 101 69 
94 30 138 156 122 208 16 197 35 173 
166 135 25 12 212 197 19 11 39 192 
14 108 136 110 80 183 212 128 173 149 
12 7 208 95 5 154 148 5 103 27 
31 141 188 220 124 11 114 120 103 70 
65 160 185 183 168 26 151 144 65 198 
76 44 131 79 63 73 147 31 164 127 
6 222 88 151 174 161 67 46 134 53 
140 24 57 98 170 70 150 28 174 52 
54 81 69 142 216 61 95 48 109 220 
96 37 209 58 67 132 34 80 158 49 
202 183 47 118 52 64 102 72 42 150 
66 132 223 1 13 35 162 90 118 208 
77 110 160 71 30 42 194 119 49 63 
72 28 185 94 22 153 125 119 39 24 
144 207 198 133 207 19 8 126 131 185 
192 70 110 211 152 128 13 1 34 3 
64 33 198 74 70 177 132 92 210 104 
72 35 46 189 3 20 38 147 63 154 
154 44 51 213 82 51 135 60 102 62 
157 21 139 100 134 146 56 40 124 183 
143 60 172 126 168 107 103 174 206 156 
93 21 195 179 41 37 89 48 182 54 
175 147 102 15 100 152 159 132 44 88 
127 123 193 118 200 96 58 108 42 128 
130 21 221 106 38 179 104 8 168 92 
135 154 143 134 169 220 90 159 67 2 
85 59 208 159 220 60 31 90 1 163 
30 107 26 201 71 173 19 19 18 161 
131 57 204 82 219 151 131 26 109 125 
176 118 99 39 191 29 180 70 55 174 
28 45 209 167 108 27 12 78 128 217 
28 60 146 197 132 29 37 16 99 48 
180 203 100 69 64 165 55 30 210 25 
13 116 132 153 125 177 34 126 58 136 
143 51 31 212 112 207 207 195 213 71 
173 136 59 208 215 120 162 100 155 12 
51 146 104 162 65 18 151 100 67 35 
11 148 94 165 68 147 215 222 36 99 
123 110 105 113 57 120 179 70 146 141 
218 133 41 60 31 160 15 205 52 95 
67 31 190 36 177 4 87 37 172 163 
31 116 70 121 98 193 140 172 152 117 
157 185 113 166 49 152 216 200 188 63 
115 6 139 125 57 42 134 213 63 79 
112 184 15 1 203 181 27 119 200 84 
13 83 84 66 136 193 117 186 199 152 
168 95 69 57 15 217 130 163 53 154 
44 104 161 202 207 147 155 62 26 35 
28 122 178 53 177 19 64 219 169 121 
155 74 207 126 12 65 12 48 134 67 
28 136 47 187 105 116 116 46 148 170 
146 146 44 18 142 68 114 18 85 165 

