164
32
131
28 164 142 120 137 54 129 137 11 112 
145 4 33 88 131 126 160 102 1 121 
102 72 111 149 5 135 7 79 44 87 
8 12 79 127 78 110 125 7 58 128 
45 27 64 161 52 15 96 20 120 61 
136 114 116 89 11 42 142 70 15 103 
31 127 138 67 151 25 64 85 153 63 
73 111 158 113 151 120 119 113 23 74 
114 80 1 101 26 157 75 33 125 52 
91 80 153 106 58 146 125 125 63 142 
10 60 136 95 146 164 95 17 157 85 
116 136 56 42 38 154 131 65 19 57 
14 78 51 129 133 50 23 164 37 149 
17 147 27 61 125 70 89 96 144 9 
53 43 99 22 125 30 80 58 19 95 
11 86 156 70 41 102 92 17 39 58 
102 147 147 46 82 92 104 56 76 96 
105 12 116 106 162 31 55 125 138 80 
116 163 2 36 106 127 1 127 12 51 
38 98 17 36 56 45 117 90 7 120 
98 24 77 91 72 53 115 7 101 43 
139 97 24 113 44 125 137 11 96 152 
30 38 80 85 89 162 65 42 132 6 
62 141 16 135 78 44 82 84 95 115 
30 119 116 124 30 118 124 19 4 66 
90 8 86 109 151 68 107 61 87 146 
160 121 113 37 103 111 148 72 28 111 
37 86 23 116 57 49 142 80 14 88 
159 54 80 130 70 119 53 158 87 93 
5 111 158 158 151 28 82 121 25 104 
2 91 147 87 93 115 57 120 68 143 
102 65 6 20 129 69 7 85 43 21 
19 74 151 127 115 98 41 42 35 16 
72 59 115 79 18 126 93 123 117 54 
108 129 156 58 112 115 28 152 115 57 
35 31 106 105 56 57 17 140 133 92 
132 24 116 148 158 65 100 57 101 156 
88 61 151 152 138 156 60 64 81 156 
27 161 28 130 137 85 42 38 131 17 
78 113 160 58 64 89 60 20 53 34 
57 60 142 161 6 74 64 22 26 67 
123 113 56 47 130 88 4 123 105 149 
113 11 68 135 124 134 158 47 25 96 
99 90 45 28 147 55 138 121 4 42 
16 45 45 38 11 85 107 58 127 117 
121 84 33 1 107 108 20 124 111 60 
159 27 61 69 41 124 30 138 65 44 
59 30 17 75 60 141 123 2 14 141 
23 60 6 156 149 4 102 92 151 160 
20 119 52 8 145 44 101 162 121 36 
30 32 125 151 107 65 103 27 27 76 
43 155 58 57 67 4 28 157 79 17 
36 32 162 26 119 33 122 20 12 113 
44 39 158 136 49 115 75 32 139 80 
25 94 150 45 97 21 80 164 89 143 
61 155 6 157 127 37 154 53 140 159 
120 9 157 41 162 159 61 133 11 61 
86 15 7 91 140 124 56 29 134 103 
57 49 84 135 70 81 118 51 31 70 
29 80 127 92 56 28 131 107 104 119 
155 157 105 10 2 159 160 132 10 137 
67 158 70 30 115 50 27 150 37 74 
125 22 16 86 52 8 43 49 125 66 
62 33 62 156 145 20 11 78 11 87 
39 44 24 111 76 30 48 32 55 134 
88 55 50 136 125 100 102 154 155 151 
130 79 22 147 8 156 152 37 3 24 
9 101 107 10 124 61 85 56 107 70 
17 119 79 144 89 164 151 109 55 142 
117 162 21 33 108 21 84 47 27 91 
38 131 19 89 76 11 113 106 110 143 
36 156 78 61 57 76 19 128 115 151 
37 97 32 39 109 164 57 53 98 9 
69 135 36 77 19 83 114 155 85 56 
7 58 131 28 16 157 78 15 127 16 
37 139 74 111 99 49 151 38 121 15 
14 154 36 18 23 3 7 7 84 6 
156 46 160 158 54 92 50 49 135 103 
78 32 145 54 9 144 81 154 47 67 
50 46 132 56 143 158 20 29 58 127 
71 125 151 105 18 6 6 4 35 100 
155 40 85 19 122 111 50 63 123 51 
4 105 75 73 49 123 71 114 71 105 
129 132 51 85 83 99 85 66 1 83 
54 3 2 15 151 64 60 51 79 4 
99 146 86 93 122 32 123 77 113 9 
54 50 114 1 22 89 23 92 137 19 
132 53 100 15 49 92 31 10 44 30 
118 20 25 127 93 107 91 48 26 24 
139 64 15 14 40 140 147 87 44 106 
121 97 129 155 134 144 25 12 96 129 
19 164 78 115 29 87 110 70 164 54 
72 163 35 79 75 13 153 115 138 40 
114 73 69 126 97 44 52 42 140 140 
113 59 76 63 129 113 68 20 54 103 
46 124 131 95 78 48 88 156 113 45 
130 28 83 142 76 24 3 11 148 77 
95 81 48 137 82 72 57 19 153 136 
36 10 73 117 32 63 68 33 57 120 
117 36 160 94 79 26 116 139 142 161 

