41
8
32
15 14 18 16 25 26 21 14 29 29 
1 28 14 12 27 37 40 15 38 19 
34 23 27 22 19 19 9 28 40 39 
12 20 22 4 20 17 17 16 31 14 
10 26 12 9 8 7 33 14 25 30 
8 14 2 16 30 15 5 4 15 35 
28 20 26 5 10 9 18 26 35 14 
18 2 29 34 11 19 38 25 38 20 
5 26 22 34 32 21 7 31 27 17 
9 8 23 2 21 26 36 31 38 23 
27 6 3 32 25 28 30 25 16 30 
7 23 18 20 40 22 40 18 31 19 
21 31 33 17 27 40 18 11 6 37 
16 14 10 2 16 7 17 14 8 26 
14 27 23 20 9 18 13 32 5 28 
25 36 16 9 35 31 6 10 6 26 
4 14 28 14 9 19 14 9 17 35 
16 40 39 22 24 14 4 36 41 1 
9 16 29 41 10 6 35 22 6 34 
37 8 19 22 33 5 20 24 40 11 
40 4 25 17 4 9 41 5 34 4 
14 7 10 40 3 24 23 35 38 14 
36 33 30 1 27 19 23 11 26 6 
21 19 14 1 9 9 39 29 8 10 
36 26 8 39 34 25 18 19 30 17 
33 6 4 16 32 17 18 16 36 1 
16 30 26 5 4 2 1 12 23 16 
24 16 5 22 34 1 8 26 35 40 
20 29 14 21 27 37 26 22 1 33 
39 38 8 1 29 39 11 3 39 3 
14 19 28 26 14 27 27 35 2 41 
40 9 9 33 21 31 20 27 20 12 
37 4 38 41 3 29 41 36 24 40 
38 6 30 26 12 34 7 40 6 36 
38 29 37 15 40 7 12 22 40 33 
41 1 36 15 10 19 32 29 17 22 
33 3 31 11 34 23 40 23 22 10 
40 30 31 21 36 26 37 1 20 12 
30 20 21 17 9 13 29 2 10 10 
13 9 24 35 39 9 3 8 21 33 
24 13 12 34 16 6 1 16 1 15 
22 16 11 40 8 4 19 26 5 28 
37 25 31 19 15 1 41 33 3 11 
9 5 5 36 9 19 15 16 40 34 
34 4 14 40 15 23 3 37 37 40 
20 1 16 39 15 21 11 30 31 15 
33 22 26 37 24 16 28 11 26 34 
32 9 38 18 29 9 8 11 24 29 
30 7 38 32 39 17 41 14 31 21 
9 15 1 29 29 26 30 37 16 5 
38 39 15 10 7 41 14 7 5 8 
41 27 20 40 31 35 17 37 38 40 
2 39 17 28 18 35 33 13 8 23 
11 29 5 35 3 34 9 7 34 4 
10 23 29 15 16 37 33 41 21 36 
8 40 27 16 7 25 15 16 4 13 
23 10 41 36 2 4 10 13 14 16 
4 21 8 34 16 33 16 14 18 12 
2 31 37 23 39 5 25 35 26 34 
39 26 28 35 30 35 29 33 1 12 
19 19 37 40 39 14 10 20 11 29 
19 23 8 34 32 3 30 23 6 31 
38 38 21 26 5 20 15 31 41 25 
5 14 22 25 25 41 25 5 13 28 
21 40 11 32 15 4 25 17 27 24 
33 25 4 2 19 30 27 15 33 27 
8 24 35 17 11 24 30 14 9 21 
21 11 19 16 38 7 33 17 40 7 
28 21 36 9 13 14 40 15 25 6 
16 36 16 39 10 12 8 30 25 28 
7 6 36 24 37 1 14 33 34 16 
8 37 13 25 17 33 32 22 20 24 
2 20 22 38 7 20 24 16 1 7 
5 13 6 12 20 1 20 27 7 20 
15 38 12 20 20 29 24 8 16 1 
26 17 26 24 23 11 24 13 12 10 
2 41 13 12 23 25 11 35 20 18 
24 20 27 11 12 36 1 36 21 22 
32 35 32 11 13 22 16 19 30 2 
4 24 35 20 18 18 15 41 33 22 
8 30 7 22 5 5 4 41 30 39 
27 16 2 3 35 24 29 2 30 21 
9 9 35 16 7 18 14 29 33 26 
22 8 40 41 40 12 16 9 38 31 
2 33 32 3 20 8 4 21 40 10 
35 29 25 38 15 24 21 7 16 11 
25 29 16 37 31 17 2 22 15 33 
38 10 33 5 32 26 28 8 9 17 
14 9 38 10 14 36 23 37 13 28 
6 1 41 33 2 10 26 26 26 9 
37 40 8 27 10 25 5 4 19 15 
32 17 31 34 26 14 9 10 17 23 
21 24 11 41 1 14 14 30 25 4 
20 14 2 18 26 37 40 10 32 3 
41 13 9 31 16 27 3 23 39 38 
20 23 38 13 1 34 40 34 18 25 
9 27 4 38 38 33 24 12 21 11 
1 11 7 5 15 26 10 18 24 8 
2 15 9 8 13 28 1 33 9 6 
7 39 35 17 14 34 37 30 28 13 

