270
54
216
246 205 158 157 61 71 105 96 18 194 
36 24 22 113 208 171 233 105 107 111 
194 265 71 40 189 9 212 170 128 57 
78 80 42 32 92 91 230 95 135 48 
102 7 178 76 210 51 39 266 250 85 
171 219 40 29 206 199 116 8 248 100 
173 263 169 130 148 238 259 189 205 240 
102 103 185 252 51 177 21 14 249 16 
73 59 215 234 222 253 240 82 157 92 
51 24 25 102 162 268 80 162 26 75 
70 6 91 166 50 164 233 159 128 140 
26 79 19 54 11 86 114 89 139 126 
95 197 13 100 3 173 84 226 137 124 
228 51 122 12 210 122 112 45 85 138 
35 162 131 66 236 145 101 20 9 131 
51 150 32 154 99 94 47 105 111 25 
69 73 199 91 93 51 6 86 197 130 
179 142 202 89 202 195 85 44 124 88 
95 168 24 247 5 163 241 238 235 92 
250 184 31 31 174 103 181 81 250 69 
226 219 192 265 63 41 167 247 179 45 
267 119 217 158 250 62 125 218 105 242 
123 204 177 170 134 153 194 131 210 134 
20 152 121 123 251 156 229 166 69 31 
28 236 69 27 182 17 181 24 214 150 
127 1 243 16 57 246 127 91 246 229 
38 260 101 59 115 235 187 89 29 157 
200 267 141 184 45 90 23 43 237 131 
244 1 233 7 269 199 6 103 120 256 
253 211 160 185 25 186 157 45 214 235 
237 134 44 195 97 63 9 25 77 87 
142 43 159 206 197 88 63 267 218 155 
201 213 151 37 124 232 42 247 208 165 
254 47 66 129 46 63 23 259 225 45 
64 260 149 17 53 114 139 134 127 174 
81 84 214 97 152 102 41 114 217 67 
45 260 123 199 95 237 68 139 176 181 
264 262 127 208 210 140 71 167 189 264 
48 173 18 215 158 195 188 174 12 174 
200 47 44 182 156 167 84 193 129 177 
98 163 80 226 121 163 25 83 197 220 
240 142 17 8 255 144 165 50 189 214 
104 36 154 191 89 85 163 19 141 208 
156 104 111 121 10 20 246 78 87 81 
261 208 58 182 222 13 215 52 170 224 
210 59 33 190 213 97 176 218 164 196 
230 252 144 148 86 237 145 33 27 240 
197 49 195 223 189 59 84 189 115 86 
255 21 44 166 164 264 186 124 160 237 
67 35 84 204 75 150 24 1 191 179 
190 222 250 147 152 42 252 76 125 7 
82 68 66 4 193 102 196 224 182 180 
180 155 34 217 73 48 220 71 151 268 
199 54 86 60 238 222 18 51 15 159 
246 212 98 5 124 125 173 71 156 185 
54 218 72 171 29 115 244 27 176 241 
247 239 28 190 197 103 103 204 77 158 
43 23 251 120 184 175 76 250 235 39 
198 200 127 135 268 92 242 232 116 13 
207 95 17 83 179 133 157 213 254 78 
104 167 7 245 120 82 13 112 14 2 
217 73 124 243 150 225 180 32 62 245 
194 82 106 164 77 101 88 154 122 204 
59 33 139 193 254 186 199 47 247 112 
153 65 33 208 217 111 150 118 83 258 
149 84 148 77 117 187 32 215 266 165 
208 238 207 212 80 224 123 199 73 208 
106 266 108 251 138 256 12 54 18 249 
201 130 41 195 165 61 49 181 45 125 
47 243 87 36 108 175 61 267 99 202 
143 200 243 67 203 3 134 167 147 189 
105 52 162 172 17 84 122 191 59 166 
164 208 240 46 132 38 92 263 115 253 
189 219 77 69 163 161 165 31 195 120 
221 18 233 42 208 101 92 251 209 43 
63 236 157 150 47 122 70 118 200 180 
67 243 161 82 232 264 79 56 76 88 
176 120 44 87 155 74 105 155 1 162 
105 215 31 82 164 135 116 195 132 270 
232 35 193 35 65 119 126 40 132 139 
145 116 44 254 124 16 192 153 78 157 
208 162 129 34 107 209 200 160 266 32 
114 254 250 64 200 28 161 58 24 216 
42 118 1 219 267 76 129 82 198 147 
162 116 54 200 207 140 55 164 71 250 
7 216 203 85 176 194 44 247 211 49 
145 11 151 128 93 264 242 76 119 52 
110 46 19 150 249 257 89 30 77 97 
160 229 151 156 247 239 126 253 78 263 
106 19 206 260 105 89 74 75 260 237 
71 250 269 250 151 15 212 259 221 201 
67 123 58 226 121 35 72 63 30 64 
58 7 130 188 207 164 269 25 105 93 
118 152 108 16 34 252 32 122 239 158 
45 204 10 75 145 142 163 69 209 263 
112 167 259 209 202 4 207 238 19 143 
97 66 11 47 59 13 259 149 157 266 
197 215 2 259 215 137 28 65 91 86 
31 47 131 258 66 95 257 58 6 29 
191 87 137 215 44 261 129 182 125 200 

