144
28
115
59 84 27 54 78 75 26 98 70 101 
93 33 84 90 29 101 127 25 115 104 
14 60 82 5 50 126 42 60 94 54 
122 58 73 104 29 74 84 139 9 85 
91 21 68 44 49 97 124 119 91 61 
93 95 126 99 15 139 88 103 129 141 
119 134 39 110 106 90 126 131 6 130 
1 44 105 80 71 56 82 96 125 69 
89 141 6 13 134 16 129 24 91 109 
142 59 62 33 44 109 35 111 47 49 
44 79 75 72 98 104 74 8 74 64 
59 66 38 65 64 38 5 141 2 116 
140 23 130 2 6 50 43 49 53 42 
11 48 131 38 138 2 61 85 11 97 
79 31 80 129 9 38 83 8 47 44 
46 35 69 56 31 58 127 136 102 100 
10 73 56 23 35 116 35 52 55 7 
10 139 45 41 55 45 137 45 139 110 
85 37 105 81 5 90 13 142 15 115 
79 74 143 91 63 5 5 5 39 70 
96 96 39 128 57 29 37 22 8 24 
56 68 75 29 44 131 68 58 113 24 
63 70 57 20 77 102 82 137 45 36 
130 8 30 65 90 27 92 23 107 74 
134 70 20 13 141 141 71 141 18 64 
69 54 32 102 140 67 143 33 25 92 
54 65 32 56 56 92 48 2 106 23 
8 41 55 113 130 122 40 121 96 19 
47 125 121 68 31 72 11 61 20 29 
96 106 48 98 84 125 68 84 113 142 
97 82 35 125 47 10 144 68 54 82 
1 27 123 47 52 21 128 85 31 35 
137 68 55 21 38 134 113 78 117 73 
13 102 121 41 102 78 47 2 136 140 
10 125 141 98 130 98 25 26 2 18 
130 95 32 14 115 12 119 31 58 12 
120 69 21 73 99 127 108 39 33 88 
91 28 8 18 81 105 121 75 131 78 
129 130 15 28 39 75 79 17 80 137 
24 128 37 84 68 51 132 88 18 81 
102 130 50 32 60 30 36 91 13 78 
12 141 72 132 6 129 134 14 112 122 
127 95 77 46 36 88 35 87 97 79 
130 12 83 69 5 9 45 8 140 22 
35 111 64 123 72 52 100 61 37 67 
53 72 11 36 128 63 39 128 135 23 
119 61 11 129 137 48 140 117 75 125 
44 87 55 75 91 56 138 45 60 76 
119 88 140 93 29 99 139 66 50 31 
45 60 63 138 11 73 10 68 78 69 
117 72 133 61 35 131 143 19 12 63 
64 85 35 119 126 17 86 72 2 110 
129 62 27 2 94 115 77 107 102 7 
107 55 130 103 53 2 80 49 114 129 
40 142 123 76 55 42 9 5 30 118 
9 74 131 10 66 133 137 134 54 135 
22 107 91 136 18 118 106 28 12 118 
47 111 140 99 88 29 53 30 134 99 
54 22 94 60 116 92 129 81 43 124 
43 106 124 67 112 20 47 30 111 97 
89 48 116 34 136 80 84 45 8 69 
72 79 87 22 102 59 52 57 29 121 
36 77 70 129 90 144 25 77 37 51 
48 3 20 74 122 82 34 31 7 26 
127 84 69 67 25 45 83 28 141 133 
4 135 9 119 77 16 4 100 139 114 
67 115 133 36 77 55 66 81 114 55 
89 111 89 91 5 42 63 79 127 66 
40 9 96 103 118 112 89 19 132 132 
142 108 109 31 43 95 98 82 1 104 
72 106 144 77 63 132 102 91 110 106 
119 138 24 104 7 75 119 140 135 107 
14 4 48 142 77 85 88 68 9 72 
12 99 42 71 53 56 84 17 85 47 
102 119 77 3 51 94 85 110 141 45 
42 65 122 64 4 81 47 98 121 8 
56 122 119 70 54 61 26 98 38 134 
141 123 47 118 105 107 98 49 81 106 
12 85 47 11 127 122 107 97 134 108 
132 32 144 136 37 100 64 92 23 54 
120 136 142 26 102 44 52 12 120 9 
142 34 8 114 23 57 34 141 124 29 
13 1 72 66 100 65 135 143 17 26 
113 75 68 91 27 14 72 137 77 135 
124 144 73 120 48 12 81 85 122 25 
110 141 60 32 27 52 82 129 82 90 
26 58 98 124 82 91 30 45 98 105 
69 19 98 102 59 3 128 78 66 56 
102 82 54 40 61 126 92 14 11 81 
112 8 60 137 2 73 42 106 121 104 
82 63 128 27 137 115 39 95 122 23 
90 67 129 18 59 21 65 76 13 90 
90 86 121 121 61 55 41 138 17 48 
100 142 133 97 61 114 128 69 45 25 
82 32 118 143 98 67 1 7 62 86 
137 142 21 135 23 31 14 121 120 5 
83 144 119 64 58 91 90 33 110 41 
21 21 104 129 10 86 95 59 89 89 
130 99 1 34 40 116 130 132 102 71 
19 66 35 91 10 7 76 17 75 48 

