225
45
180
97 172 67 90 208 38 78 159 10 116 
172 126 119 57 125 128 207 67 137 125 
53 104 108 21 139 128 214 118 41 180 
140 198 123 131 16 125 51 56 129 202 
3 101 211 187 58 142 208 195 83 59 
208 187 27 91 193 91 134 90 152 110 
185 67 201 160 212 157 102 39 135 154 
175 62 23 187 90 211 179 217 42 172 
142 104 199 46 116 87 176 102 118 192 
98 78 5 186 120 168 153 88 5 61 
94 91 83 61 106 116 100 50 141 41 
22 154 116 115 210 24 12 200 61 29 
171 190 153 87 218 50 200 157 73 53 
117 74 154 85 201 110 208 118 206 206 
170 106 169 158 212 62 201 34 3 46 
55 12 121 92 65 114 65 205 36 60 
58 22 167 207 197 123 83 189 122 117 
38 58 8 159 147 89 205 73 11 121 
203 147 184 144 75 96 51 126 88 114 
89 203 216 139 167 94 136 39 1 180 
124 103 128 170 172 141 88 39 139 217 
74 107 86 210 116 110 123 68 33 42 
102 17 71 92 190 177 136 116 60 127 
218 121 150 165 91 135 211 29 206 62 
213 94 132 122 55 56 142 6 163 190 
158 127 180 166 108 171 183 139 99 126 
225 1 216 154 158 119 223 207 13 96 
110 164 65 185 38 203 45 115 225 144 
65 192 151 185 183 206 165 55 16 51 
127 48 92 19 200 182 6 89 159 92 
82 209 71 212 218 60 70 120 159 123 
193 85 170 17 140 142 86 222 111 160 
48 55 95 87 113 125 200 71 3 52 
133 51 33 68 25 28 141 2 110 52 
90 169 78 176 155 49 11 161 113 197 
40 94 162 216 141 134 127 219 139 215 
91 35 13 108 41 15 94 207 76 157 
173 60 75 61 107 21 165 31 11 80 
174 34 46 158 75 176 166 111 92 7 
214 73 131 68 81 134 103 70 118 14 
187 90 208 161 122 85 95 98 100 157 
130 202 134 220 48 168 87 164 161 136 
9 140 149 70 59 212 142 174 121 30 
153 83 182 27 35 144 93 201 54 179 
208 2 32 69 223 151 135 132 160 171 
198 224 150 52 118 63 132 50 218 142 
216 142 49 215 38 206 175 122 114 195 
21 38 203 198 113 155 187 47 138 177 
144 14 114 173 80 132 137 95 61 5 
107 166 43 1 200 59 73 95 101 4 
188 217 27 217 65 179 109 9 62 137 
2 1 52 110 12 26 166 215 68 206 
203 83 180 13 167 177 133 209 1 171 
113 225 64 217 99 79 44 163 22 47 
12 118 8 60 147 61 164 131 211 133 
3 98 43 7 120 133 11 191 200 164 
16 115 88 149 171 158 5 148 202 70 
166 6 84 53 110 182 213 50 54 13 
212 162 206 209 6 50 100 138 101 10 
156 197 24 139 168 115 132 196 6 2 
222 114 45 163 166 11 50 217 129 7 
48 166 210 167 146 172 219 208 169 101 
207 185 202 107 154 157 12 164 187 125 
219 88 127 177 207 197 84 78 80 175 
190 165 14 77 160 102 195 162 79 195 
77 217 103 127 104 183 153 204 144 81 
100 111 106 189 125 147 221 70 15 112 
97 131 32 140 49 8 141 28 99 79 
126 129 33 116 148 134 143 77 78 29 
102 24 49 7 164 187 44 1 216 33 
174 192 115 187 119 49 146 36 43 54 
100 39 117 176 46 199 149 83 79 49 
21 34 169 213 104 212 13 150 222 100 
8 210 81 204 38 151 174 52 215 96 
203 208 183 99 178 112 156 127 190 116 
31 29 57 8 140 153 186 43 32 122 
199 10 161 42 83 195 9 107 111 23 
192 14 91 41 160 187 183 224 111 80 
82 116 191 209 209 20 122 165 46 26 
160 149 59 60 158 80 128 203 27 5 
155 34 123 99 4 79 120 135 9 153 
162 69 70 126 60 66 89 203 174 185 
45 93 164 24 60 210 152 70 208 190 
129 168 38 37 8 46 38 40 177 3 
208 51 225 78 5 108 179 157 174 198 
74 195 118 49 42 146 70 201 175 28 
169 98 125 38 201 83 202 159 55 151 
199 106 124 95 102 30 55 91 73 70 
20 142 137 27 39 90 167 182 183 57 
186 211 219 139 144 32 143 2 115 219 
167 120 130 116 84 60 146 215 129 177 
198 207 59 47 32 160 29 67 40 224 
220 16 208 80 171 93 84 26 130 224 
135 89 199 90 43 140 76 184 106 76 
12 163 141 104 197 177 104 55 62 23 
212 204 71 173 67 53 109 137 93 120 
22 84 28 202 61 225 47 17 122 163 
222 171 134 95 11 137 72 149 34 64 
174 208 16 50 218 158 86 61 102 220 
182 104 91 141 168 1 124 206 192 60 

