98
19
78
43 78 37 30 14 41 21 75 74 3 
79 79 79 81 5 98 52 82 28 42 
45 69 48 3 30 27 39 73 34 45 
35 57 11 13 28 79 38 73 14 80 
57 77 69 4 45 49 51 49 10 83 
60 55 54 26 65 5 18 78 44 8 
13 82 20 44 21 70 20 58 93 58 
37 54 24 85 50 48 48 21 1 50 
82 18 90 21 37 11 44 28 33 38 
62 57 26 37 90 48 64 83 67 93 
67 75 94 66 1 94 20 25 49 87 
48 7 39 36 66 55 90 77 46 43 
28 84 58 90 37 43 77 49 50 94 
65 98 3 67 71 51 9 35 20 22 
1 54 31 31 38 51 4 69 92 11 
90 35 93 45 33 13 18 17 98 18 
36 42 13 83 24 62 25 86 90 63 
50 1 64 2 29 29 58 72 39 68 
7 31 47 31 89 41 76 98 3 98 
77 6 70 18 83 24 48 32 47 81 
62 74 85 25 32 72 41 19 18 50 
26 59 78 37 23 27 1 35 15 80 
54 42 85 10 94 46 10 94 58 18 
13 72 98 8 55 26 17 33 69 61 
50 80 11 83 38 10 63 42 73 23 
69 82 88 53 30 62 28 89 30 6 
77 87 76 28 58 18 68 87 16 35 
12 59 13 72 68 61 91 89 32 94 
12 93 46 62 37 67 90 49 31 59 
68 69 75 21 49 78 9 28 13 5 
44 50 11 84 30 33 78 26 22 77 
14 44 44 23 9 48 52 60 43 55 
52 78 46 82 81 15 61 79 91 63 
46 29 98 29 61 82 49 71 93 4 
59 30 48 24 73 8 49 12 46 3 
94 22 4 72 2 50 37 36 87 89 
62 59 36 92 38 53 61 7 62 72 
41 82 90 88 38 86 44 35 25 34 
79 12 37 26 5 29 59 41 85 4 
4 64 85 22 80 61 28 74 54 39 
10 17 40 87 37 81 12 63 92 40 
15 61 8 9 83 27 5 79 83 51 
86 57 59 29 53 70 32 20 67 90 
52 48 65 56 86 17 82 11 18 60 
76 41 49 33 84 32 85 72 10 12 
55 24 26 85 35 39 23 19 17 19 
12 50 45 92 40 23 34 5 87 48 
96 33 54 27 69 3 46 83 46 29 
81 15 74 78 85 93 96 13 44 34 
87 47 81 92 98 28 68 41 33 53 
32 84 85 59 62 61 92 6 66 70 
12 38 76 34 57 18 76 55 29 22 
3 67 38 78 40 17 66 41 64 66 
90 82 23 68 58 9 50 69 15 18 
59 36 81 5 53 20 35 66 29 88 
28 59 96 4 28 66 17 89 88 68 
58 6 37 89 21 83 38 58 66 34 
92 7 73 71 84 8 84 6 36 87 
97 64 93 8 50 49 41 22 53 29 
47 57 87 20 48 21 21 62 15 59 
70 30 6 6 9 76 29 95 89 78 
74 60 46 74 96 49 87 66 2 28 
27 43 60 83 83 77 80 20 16 20 
71 92 74 31 51 77 8 31 23 76 
98 27 91 55 25 36 84 69 90 48 
29 7 57 68 10 32 98 34 98 33 
41 16 16 65 22 63 16 86 64 83 
18 72 79 95 54 9 2 19 17 93 
72 96 91 13 25 78 80 66 8 91 
38 75 46 41 17 44 77 39 49 8 
14 36 81 66 71 15 87 28 35 28 
2 98 27 25 38 95 19 66 9 86 
9 89 14 89 72 87 73 89 80 19 
92 32 3 39 10 80 55 43 89 4 
86 42 35 1 92 41 50 6 70 63 
32 33 53 70 88 71 22 81 17 80 
96 88 45 37 50 63 47 78 54 16 
10 21 68 54 51 66 73 22 61 57 
49 63 36 81 80 94 98 91 76 2 
83 31 16 94 56 86 96 5 75 50 
70 70 82 96 33 15 55 88 38 67 
47 94 41 85 19 53 44 93 95 51 
42 73 33 37 97 31 38 42 71 24 
5 53 60 25 38 53 9 64 72 88 
44 8 42 94 61 7 5 21 60 62 
87 44 39 39 73 69 72 91 52 55 
39 43 66 82 1 86 71 94 13 82 
55 5 96 92 21 50 96 25 91 25 
21 58 22 47 10 61 70 16 31 40 
52 88 17 46 7 12 75 81 56 74 
19 3 15 22 8 96 14 82 35 23 
39 61 42 28 54 49 58 14 53 12 
67 43 16 62 66 14 6 13 22 4 
78 91 31 35 71 49 91 84 14 8 
11 21 32 49 92 96 84 91 42 76 
82 21 67 96 28 6 14 33 38 47 
43 22 5 11 8 24 61 18 7 4 
84 98 73 40 34 46 46 25 15 97 
68 21 20 54 66 87 53 49 57 37 
1 49 74 85 28 75 58 14 55 74 

