42
8
33
29 23 27 40 25 10 36 7 22 9 
29 1 35 19 17 33 41 14 3 18 
20 28 15 41 13 24 35 14 2 38 
17 9 15 12 23 31 29 38 22 26 
4 40 8 21 10 25 6 28 33 18 
38 23 38 23 25 33 42 16 12 38 
8 4 31 32 18 31 15 42 7 5 
27 35 12 14 8 14 2 38 41 1 
26 15 21 8 37 38 30 26 31 24 
23 20 8 18 23 6 5 34 38 39 
12 19 14 32 15 32 28 5 19 8 
16 3 18 33 6 1 23 13 40 24 
30 1 15 2 41 27 8 6 42 4 
7 41 27 32 18 5 4 8 12 4 
24 19 21 26 27 11 13 15 8 35 
2 9 19 35 34 10 9 32 6 11 
31 32 13 15 28 18 19 38 2 3 
4 36 12 21 39 30 21 35 34 3 
17 2 12 41 3 10 29 42 3 10 
38 29 2 12 35 38 12 23 29 30 
29 28 9 11 8 5 7 5 9 38 
30 19 19 12 5 29 25 10 29 7 
3 17 7 6 27 18 18 5 36 6 
5 36 21 26 1 15 4 15 22 34 
2 11 10 1 42 23 12 39 21 36 
39 13 15 39 28 9 14 18 32 7 
36 4 32 17 16 3 5 27 23 21 
1 31 16 28 17 19 1 7 23 2 
21 7 19 40 3 25 26 24 1 13 
22 1 42 6 34 6 29 37 37 18 
33 38 37 17 1 41 9 30 23 27 
18 6 33 11 27 7 9 30 10 31 
35 16 24 28 19 8 8 16 36 34 
33 4 35 29 26 9 33 19 17 3 
27 37 40 26 24 9 26 27 31 36 
3 16 30 3 13 40 39 26 41 12 
36 39 42 17 5 24 26 33 14 6 
21 39 15 22 23 32 14 1 40 33 
7 38 11 35 5 40 15 41 2 1 
25 22 3 25 33 8 16 35 27 35 
17 11 10 33 34 39 12 21 40 11 
24 33 5 14 22 10 37 41 39 18 
31 35 38 26 7 25 17 10 15 42 
39 13 12 41 31 16 29 40 29 39 
40 21 4 15 24 16 2 30 31 31 
9 42 29 26 26 10 2 17 2 36 
23 15 1 18 26 40 19 8 5 4 
33 29 10 26 36 24 5 16 23 2 
30 19 5 6 6 26 38 38 27 28 
29 40 19 40 40 42 7 21 18 1 
39 27 26 22 29 14 15 2 9 7 
29 15 5 11 40 22 20 33 28 21 
35 37 42 13 41 23 30 33 10 21 
8 37 14 10 41 23 34 14 3 15 
41 15 8 38 14 11 23 16 35 11 
5 19 15 6 23 18 7 24 17 39 
7 1 22 27 15 23 41 15 33 39 
23 39 16 17 38 27 3 33 38 29 
27 9 8 29 30 30 3 41 39 36 
28 31 27 35 23 17 29 19 2 4 
33 2 36 33 7 34 30 29 20 10 
26 13 19 15 33 11 27 30 6 33 
19 34 34 21 20 29 13 20 41 42 
16 27 42 26 18 21 1 20 20 5 
9 42 41 31 36 40 40 9 13 32 
17 7 17 22 33 34 26 8 42 33 
5 17 15 38 18 11 23 27 36 5 
32 16 5 10 35 29 5 2 5 40 
30 25 10 5 4 37 31 39 15 37 
22 34 1 34 37 33 12 5 3 9 
14 36 11 11 37 37 40 23 33 29 
10 29 34 30 38 22 34 9 13 23 
11 39 33 13 8 14 37 32 17 14 
3 6 29 5 26 32 37 38 2 39 
25 32 17 17 17 40 37 14 12 14 
5 33 5 31 40 20 41 36 21 22 
41 12 13 36 42 5 29 18 2 32 
29 32 24 42 32 8 17 29 12 16 
4 12 7 37 23 28 13 24 19 26 
34 22 17 4 20 42 24 37 4 4 
20 11 34 7 17 3 22 9 13 31 
31 31 10 21 34 6 28 30 13 13 
37 20 39 10 27 27 13 12 3 26 
22 3 8 40 30 22 37 31 40 28 
11 36 9 9 33 18 5 25 7 42 
28 27 19 37 13 38 35 11 29 23 
2 13 36 25 11 18 25 18 39 28 
31 5 9 16 32 41 19 35 3 26 
36 8 5 7 20 31 24 6 40 22 
12 6 29 4 22 22 31 13 35 27 
6 20 16 16 14 8 29 37 31 25 
41 26 13 8 37 12 24 20 42 30 
11 9 12 42 36 20 1 4 7 27 
20 34 29 4 6 34 36 7 31 31 
37 28 6 19 42 25 3 40 12 25 
22 20 5 37 25 39 11 2 4 26 
33 26 14 35 36 30 40 27 22 34 
2 30 35 40 1 41 15 7 42 1 
24 5 28 40 26 20 6 33 31 18 
11 16 24 34 19 32 30 42 12 38 

