204
40
163
2 23 125 34 22 84 74 80 124 75 
38 101 96 192 67 113 170 53 146 130 
137 52 177 84 100 111 126 10 142 57 
80 92 74 180 8 85 149 162 57 60 
190 119 65 77 119 157 112 159 191 201 
155 135 47 48 63 38 85 121 3 15 
160 178 155 165 200 107 89 22 167 141 
102 38 11 40 104 135 190 179 162 132 
187 157 4 182 85 2 157 154 159 66 
8 64 136 131 145 49 6 176 40 159 
17 147 197 135 85 144 72 145 86 27 
64 176 38 105 121 150 110 49 115 188 
53 193 48 169 155 62 72 151 38 117 
150 61 87 17 81 153 128 200 148 9 
35 16 35 166 91 79 122 1 93 83 
84 115 5 157 37 103 23 200 49 73 
95 4 102 174 61 191 155 19 69 194 
144 87 66 199 39 153 83 151 36 36 
138 115 186 29 109 171 144 118 149 181 
143 143 37 115 141 111 86 141 82 152 
12 34 104 4 62 35 135 25 157 167 
21 187 77 24 49 172 89 82 54 144 
91 24 16 74 30 17 156 1 8 190 
143 193 69 44 189 8 43 121 192 69 
118 181 120 200 101 136 139 132 100 180 
71 67 8 56 42 106 13 44 145 172 
167 160 19 163 81 201 24 73 77 15 
71 180 135 186 134 56 94 84 102 161 
51 28 173 135 169 170 199 186 186 75 
179 133 172 160 131 87 180 40 134 201 
29 68 179 111 204 117 68 158 167 31 
2 196 41 101 17 149 120 182 144 130 
115 32 105 162 81 106 77 64 18 80 
10 57 195 171 105 11 126 189 18 58 
25 71 108 179 88 109 148 6 60 53 
86 32 55 76 106 136 139 130 177 11 
180 102 79 119 54 107 141 157 160 56 
35 139 126 55 4 194 33 198 198 123 
138 6 12 69 130 16 111 98 142 79 
190 41 64 126 66 26 36 142 12 38 
51 28 147 154 127 112 152 50 71 52 
44 119 40 158 12 82 156 182 86 186 
14 204 57 75 137 161 19 42 139 131 
191 132 73 189 27 168 204 6 171 54 
107 32 145 191 141 146 85 9 65 71 
81 146 152 77 93 102 15 68 156 157 
203 71 43 159 64 189 135 28 101 110 
74 151 178 156 174 113 107 110 177 73 
56 152 88 164 57 43 157 189 9 185 
42 75 43 182 35 188 21 178 200 65 
80 27 153 123 34 74 143 55 53 198 
100 188 62 57 20 105 92 86 195 147 
158 61 23 81 156 5 74 143 3 101 
67 95 166 8 135 15 1 64 73 198 
119 89 113 173 139 110 114 192 126 176 
21 114 69 96 64 160 106 39 74 113 
76 2 149 145 100 80 113 157 140 135 
117 6 198 126 104 139 203 108 63 7 
192 91 150 106 170 108 181 147 179 125 
29 70 139 40 87 82 118 110 101 78 
57 150 200 163 15 140 201 58 1 41 
147 45 24 75 169 1 156 56 64 136 
26 89 197 85 191 93 24 157 83 170 
83 69 184 112 113 117 166 72 64 45 
15 94 106 5 1 98 84 83 64 77 
12 89 109 19 46 13 27 138 157 66 
49 94 133 84 44 33 167 86 101 22 
71 5 176 62 36 127 97 104 164 125 
8 1 177 40 63 41 180 72 11 203 
78 94 116 47 11 9 31 98 49 7 
4 173 83 81 30 12 97 4 4 163 
171 21 179 114 182 175 60 201 39 57 
166 198 179 98 104 86 35 104 149 107 
158 27 140 121 38 192 54 57 176 2 
55 74 116 9 104 195 183 170 166 22 
42 165 107 65 180 29 153 39 96 147 
16 151 125 173 33 100 201 151 60 60 
39 149 180 97 20 96 101 201 51 198 
130 185 99 28 193 90 135 18 6 170 
35 131 196 193 74 101 22 78 37 200 
29 31 139 75 70 41 33 40 43 48 
156 178 188 154 22 131 92 61 78 120 
134 167 50 103 16 85 46 49 126 40 
149 175 117 65 41 156 159 66 70 114 
114 29 140 56 39 89 54 90 187 174 
149 138 35 147 36 181 204 131 175 176 
8 142 50 106 27 113 182 3 179 131 
139 13 171 116 138 146 156 117 134 28 
30 171 117 98 177 139 43 137 38 6 
163 171 156 38 50 54 20 138 115 139 
99 1 15 109 192 128 123 119 158 91 
96 166 127 167 48 159 4 134 51 132 
132 116 78 73 22 88 124 137 89 56 
24 170 148 65 146 180 172 10 123 35 
10 52 120 187 145 85 45 124 204 135 
22 80 157 110 42 96 92 55 3 127 
68 83 28 204 79 36 187 26 69 143 
36 136 165 84 133 100 111 163 58 117 
21 189 29 174 67 187 22 22 150 202 
199 147 69 173 79 47 83 123 79 133 

