145
29
116
73 145 42 143 96 92 91 18 36 96 
46 47 48 89 54 127 134 51 111 135 
139 60 134 134 49 125 49 76 79 106 
60 93 2 125 55 47 129 79 84 40 
73 29 88 70 20 66 111 33 49 19 
131 126 34 105 79 134 73 112 37 110 
77 121 97 111 97 19 39 125 128 21 
135 135 129 115 116 138 135 11 126 15 
99 131 5 99 94 105 103 118 50 129 
106 38 41 59 113 98 134 19 60 142 
111 139 75 51 64 15 109 81 76 94 
140 115 33 121 119 25 95 131 124 42 
135 115 144 81 124 35 139 122 103 95 
54 38 94 112 87 83 47 20 18 144 
25 136 57 14 47 124 9 132 20 46 
30 37 115 98 20 97 95 88 27 113 
114 54 82 115 83 122 11 10 82 27 
133 109 41 49 33 52 97 125 27 141 
60 141 88 35 95 11 12 116 122 97 
48 107 121 131 4 124 42 73 132 42 
70 13 138 98 87 112 137 59 124 51 
81 58 136 42 10 19 138 49 136 64 
33 137 69 114 101 13 140 7 137 75 
51 45 15 69 112 4 64 120 71 137 
35 52 109 75 71 90 12 89 54 4 
83 121 83 79 142 100 66 130 137 128 
1 101 64 11 34 87 19 80 7 39 
57 126 87 127 41 128 35 51 132 97 
123 31 24 104 110 142 115 60 43 79 
87 6 31 61 5 70 35 105 112 40 
58 19 111 139 54 123 118 19 59 44 
15 41 92 3 9 70 113 21 62 103 
2 9 42 23 22 43 28 143 55 3 
75 80 90 38 31 77 103 13 26 96 
18 49 113 8 14 49 57 65 3 98 
60 129 37 101 117 141 101 125 2 72 
15 145 25 51 90 71 144 10 47 66 
55 85 46 4 120 91 92 48 56 111 
61 60 27 140 10 43 2 31 101 131 
95 90 65 51 79 14 97 13 59 133 
87 7 19 73 93 6 137 116 10 8 
79 92 140 124 42 93 29 96 125 37 
109 144 62 124 102 43 65 69 12 31 
62 115 31 3 111 8 27 11 16 83 
80 74 30 70 99 71 5 121 25 25 
94 39 37 70 14 118 127 32 18 12 
18 28 126 32 51 11 145 36 85 62 
30 139 106 20 89 21 141 10 98 63 
23 145 33 56 29 33 101 8 89 114 
36 68 121 45 45 77 70 26 40 56 
19 2 79 28 92 105 40 17 42 73 
126 40 107 94 122 45 26 121 17 119 
14 84 22 95 40 66 96 12 54 42 
53 124 4 108 82 73 45 71 130 145 
107 87 44 9 61 79 137 85 60 36 
106 133 41 7 116 99 103 94 16 47 
64 55 127 45 27 129 88 44 97 64 
52 50 68 8 66 113 44 63 90 92 
64 60 91 11 11 107 69 44 88 69 
120 25 51 63 61 100 137 65 66 113 
107 115 118 16 12 98 123 53 9 36 
83 140 107 10 54 112 135 19 137 61 
135 70 86 27 80 71 19 85 99 98 
30 73 2 80 65 83 78 112 63 29 
34 114 95 59 48 86 139 61 67 16 
19 16 139 32 103 41 88 91 47 69 
121 51 102 110 134 60 139 120 63 41 
93 84 16 73 47 62 17 142 145 88 
103 97 72 138 108 12 4 64 122 106 
44 71 57 71 117 20 101 46 80 116 
81 137 54 127 117 10 35 41 130 26 
14 48 57 34 116 105 145 107 43 67 
21 87 35 145 108 75 59 141 76 97 
91 87 68 139 73 60 17 38 86 74 
63 83 66 74 129 107 128 141 108 128 
107 95 32 1 83 59 51 104 102 122 
1 143 85 17 114 87 23 25 116 126 
124 48 105 101 79 47 2 75 118 56 
12 30 86 103 129 96 105 110 7 66 
143 122 136 133 94 15 93 34 70 112 
95 48 98 73 95 18 70 63 138 102 
97 7 8 138 115 7 14 140 26 15 
132 78 1 1 62 101 22 97 89 6 
140 49 86 52 112 120 99 41 79 60 
61 71 39 131 16 51 36 58 54 94 
61 9 143 58 29 137 37 83 67 87 
57 57 83 131 124 61 54 65 3 77 
13 68 115 125 129 83 61 30 10 35 
64 39 96 31 2 70 105 69 129 68 
51 60 138 106 137 142 108 87 43 139 
60 85 86 46 125 113 113 21 145 110 
94 85 128 66 11 11 96 17 88 2 
137 120 76 22 124 92 82 23 81 39 
67 41 80 2 115 97 55 60 77 112 
76 42 25 97 129 42 64 76 126 27 
136 97 97 108 36 4 57 55 73 83 
4 81 19 8 33 78 6 33 59 82 
34 114 20 23 22 82 35 116 94 127 
119 9 79 142 89 104 45 71 90 114 
144 82 27 53 47 71 35 74 65 4 

