234
46
187
212 61 154 16 98 149 183 27 210 24 
198 126 110 54 65 71 216 208 214 30 
76 6 41 11 88 146 116 117 77 110 
126 210 45 87 139 224 227 55 128 108 
167 141 201 51 73 73 81 88 124 218 
199 181 31 144 105 172 116 205 50 119 
19 144 195 102 88 24 143 206 164 126 
102 28 11 59 226 34 146 179 142 135 
141 172 11 175 168 7 127 219 46 62 
14 158 77 39 63 122 210 228 107 41 
98 131 144 200 150 83 21 16 176 61 
9 65 85 228 112 229 76 222 10 32 
151 143 20 9 191 121 175 138 143 113 
24 20 58 144 159 15 195 62 71 172 
226 10 185 33 16 228 76 56 151 115 
16 222 224 16 182 144 220 192 19 201 
134 134 94 21 103 132 15 120 57 123 
149 23 212 136 117 10 79 225 181 222 
154 57 49 184 222 105 117 172 53 78 
230 109 200 217 67 24 111 26 179 109 
91 163 17 68 73 160 67 194 43 76 
56 139 195 78 68 179 9 92 70 87 
119 59 159 181 199 18 197 231 99 234 
108 92 57 126 34 166 46 118 68 191 
114 160 70 206 132 117 176 69 71 181 
52 196 138 12 104 62 12 228 188 213 
208 139 66 188 170 58 101 30 69 137 
162 25 173 148 227 233 207 51 162 208 
199 212 79 206 207 174 213 38 48 63 
143 182 3 194 172 220 131 104 41 215 
90 36 8 116 153 182 107 20 59 193 
172 53 120 151 82 26 209 59 4 62 
33 221 66 25 184 143 37 177 132 58 
92 227 81 193 3 167 11 85 53 108 
16 194 102 205 129 31 67 209 130 30 
217 30 105 52 97 97 96 82 149 146 
140 217 96 139 120 49 117 50 118 86 
121 169 128 31 191 105 96 139 94 42 
60 8 21 186 110 47 111 131 201 102 
128 6 216 221 21 63 211 147 184 16 
13 113 100 119 1 76 156 132 110 210 
60 148 221 97 124 228 40 36 168 37 
52 30 61 85 110 82 9 191 147 167 
145 116 214 194 163 177 161 202 4 122 
94 228 230 174 111 68 6 82 57 82 
46 73 105 160 1 93 176 228 61 86 
212 188 182 197 221 25 69 67 16 193 
17 231 224 170 205 204 188 97 91 89 
49 152 67 181 93 2 36 24 92 210 
31 47 199 96 91 18 222 108 190 231 
55 48 25 44 107 51 154 220 67 14 
94 30 107 74 223 30 224 20 33 191 
73 226 222 120 208 226 221 63 9 218 
185 162 188 121 79 34 25 127 32 60 
190 5 139 199 95 105 205 31 180 213 
89 128 139 117 201 132 31 60 43 144 
165 124 74 86 186 144 22 151 141 206 
27 130 10 180 127 82 89 116 221 8 
192 29 41 172 83 182 168 174 8 168 
129 48 99 161 97 34 68 24 232 5 
99 188 202 126 10 39 120 96 140 138 
171 179 198 191 97 86 231 107 185 50 
19 187 46 196 30 156 92 189 209 231 
176 84 198 41 79 10 3 17 146 94 
150 138 15 128 31 88 54 75 128 175 
204 151 6 157 77 212 128 226 210 11 
210 160 123 127 80 131 113 106 28 190 
98 4 146 80 121 100 140 112 11 18 
80 190 36 161 56 192 157 194 124 212 
145 147 41 230 228 162 86 93 209 110 
102 29 1 18 165 20 232 98 185 111 
119 146 169 35 211 227 134 96 127 58 
95 217 180 208 131 209 208 69 150 81 
35 127 37 105 183 156 16 113 188 21 
44 10 106 147 115 109 124 55 131 147 
75 78 234 55 233 42 17 211 33 52 
138 39 82 93 25 189 188 139 196 66 
136 84 195 54 55 127 73 46 20 64 
106 195 26 113 183 139 21 140 181 4 
179 112 151 69 29 76 38 194 186 143 
212 83 80 108 208 169 17 161 216 210 
85 97 200 150 48 127 133 48 126 109 
31 36 155 83 19 66 24 182 24 128 
21 39 177 184 105 198 139 14 228 34 
230 224 82 70 123 160 201 205 226 77 
4 51 46 89 2 132 38 232 159 88 
227 35 137 197 128 16 226 93 74 186 
198 154 51 29 7 142 21 112 77 174 
117 33 231 127 130 201 121 45 182 154 
96 233 52 201 81 151 167 123 31 88 
69 15 48 115 100 16 159 14 185 117 
112 149 35 205 201 85 197 193 106 140 
26 156 193 89 59 12 50 138 232 136 
207 229 182 131 9 104 191 164 111 30 
56 41 170 193 104 124 72 136 191 37 
225 16 228 80 5 166 86 25 50 21 
228 100 33 48 106 60 214 233 88 195 
152 203 127 202 54 156 233 6 33 224 
232 180 78 45 148 173 125 216 182 154 
46 186 222 7 107 98 93 69 161 116 

