175
35
140
78 113 65 149 36 164 51 156 123 40 
60 69 17 146 35 156 104 61 123 17 
159 126 136 41 20 121 88 4 129 129 
146 151 152 108 159 47 92 52 26 22 
20 2 94 18 82 137 173 133 133 86 
169 80 32 100 52 39 160 174 7 95 
106 34 23 140 94 51 175 23 27 119 
167 12 70 154 88 13 142 155 48 132 
90 170 25 57 48 101 23 35 22 52 
100 110 122 42 76 119 100 11 76 129 
107 22 126 85 148 74 16 98 48 29 
53 159 69 143 78 161 72 83 52 131 
39 108 138 136 138 45 142 137 39 169 
67 49 10 115 39 60 58 35 80 173 
134 69 120 142 107 117 104 41 78 96 
126 53 124 143 110 53 138 61 31 41 
83 152 107 106 168 138 4 69 156 10 
79 22 129 171 85 122 26 92 146 46 
83 49 169 149 8 100 20 27 118 14 
113 6 146 139 137 29 66 46 114 133 
143 65 95 45 162 136 45 26 111 173 
24 152 116 46 102 93 65 36 80 152 
24 41 170 104 108 84 108 74 99 78 
3 76 52 67 94 128 149 40 119 94 
91 94 120 167 66 2 93 159 57 144 
172 138 104 147 142 42 155 54 132 170 
150 124 93 19 26 161 110 58 167 86 
108 159 124 65 91 148 175 79 124 114 
56 124 73 130 150 88 66 30 109 124 
149 52 51 67 99 120 159 76 99 29 
28 126 77 63 75 162 76 63 2 6 
56 23 149 80 64 169 152 9 105 163 
109 66 156 2 88 118 13 135 101 109 
7 102 98 76 39 173 167 17 40 13 
4 54 92 101 128 78 7 36 131 102 
4 149 119 170 143 162 97 114 104 94 
41 30 157 103 66 113 172 71 113 155 
152 81 144 117 119 62 70 70 135 173 
163 87 8 53 135 125 43 71 24 66 
121 173 89 38 79 89 112 106 108 131 
78 124 131 106 116 17 111 47 88 82 
38 152 76 100 131 174 74 161 10 84 
166 21 139 9 93 139 129 33 125 16 
52 159 14 71 48 72 146 147 149 35 
110 23 66 9 137 53 154 103 63 154 
160 52 146 13 89 67 75 35 39 11 
56 93 84 116 63 60 88 22 102 21 
147 49 121 173 151 102 100 116 160 42 
109 26 61 167 145 16 90 53 32 91 
33 36 100 55 72 144 80 94 28 93 
131 52 52 124 130 110 45 147 23 48 
24 133 19 108 119 162 43 111 54 83 
158 124 93 49 152 166 149 65 119 15 
133 116 164 127 8 48 23 69 84 70 
56 111 135 43 158 12 3 43 165 18 
155 104 138 84 154 157 130 75 47 97 
112 153 162 161 33 26 132 115 78 3 
98 170 7 134 86 36 130 27 79 141 
116 148 7 14 74 123 88 28 118 32 
91 3 123 129 148 47 30 164 22 8 
153 86 123 98 39 155 26 132 72 82 
32 34 60 77 96 153 113 110 143 144 
69 72 160 43 30 79 160 121 11 143 
144 58 171 62 5 15 77 1 148 30 
54 127 31 144 163 156 151 30 103 88 
86 89 101 121 121 48 48 152 170 33 
22 58 175 104 65 42 75 29 47 3 
103 42 162 168 39 100 86 57 151 32 
68 111 104 127 11 49 173 158 143 98 
163 133 138 173 25 102 93 142 74 50 
143 106 124 30 79 104 14 106 103 63 
70 82 125 117 100 1 57 69 169 53 
28 28 119 24 53 42 13 30 139 153 
52 157 71 169 50 171 64 156 156 1 
120 3 76 124 28 28 107 48 40 5 
33 138 127 104 52 80 81 8 122 24 
103 123 156 53 158 107 163 7 28 102 
84 46 95 14 97 34 125 3 60 142 
16 115 148 169 61 68 50 90 79 4 
18 126 35 155 25 29 90 7 171 78 
72 164 18 115 68 25 123 15 160 22 
75 2 44 37 113 121 104 3 80 149 
139 95 120 23 136 54 87 97 57 64 
16 170 154 3 23 19 53 5 16 146 
162 152 2 102 131 22 125 164 48 175 
99 89 116 65 47 66 58 146 56 145 
68 153 114 60 88 137 140 40 118 2 
70 71 85 160 8 3 164 121 21 94 
90 168 164 13 80 15 82 7 47 139 
91 42 64 71 170 22 171 89 146 136 
61 142 59 71 80 98 174 170 107 141 
10 32 37 118 27 154 174 150 137 4 
132 166 143 123 106 1 70 162 52 140 
132 56 42 99 15 34 154 12 7 71 
76 136 128 170 7 69 70 171 109 123 
175 160 14 162 132 108 125 96 65 80 
87 138 52 59 72 68 125 173 136 87 
49 82 29 57 147 38 162 71 81 142 
48 17 90 91 66 109 163 153 19 27 
112 61 10 64 129 15 14 26 35 117 

