52
10
41
9 33 27 27 32 12 5 35 43 35 
45 13 40 6 24 16 42 2 46 22 
32 25 44 39 22 25 45 47 33 15 
5 2 13 6 12 6 2 33 32 39 
50 22 32 44 17 23 9 34 35 28 
14 25 24 3 45 7 4 16 35 22 
4 30 32 21 42 44 26 10 35 51 
29 23 6 42 36 9 8 22 51 40 
52 20 3 33 45 2 34 1 10 35 
22 39 30 27 18 33 18 36 49 13 
14 34 48 1 13 50 50 42 13 9 
28 6 14 26 23 21 46 52 2 7 
43 8 16 22 47 44 39 35 36 36 
32 1 10 34 25 4 24 23 12 20 
5 5 8 39 1 25 36 8 47 28 
22 39 31 1 43 27 10 20 20 30 
34 25 49 32 11 26 25 46 36 48 
15 43 30 6 49 25 10 1 52 3 
7 8 13 30 6 42 26 49 10 37 
48 8 26 29 29 40 14 42 34 34 
20 16 23 34 45 33 18 5 38 49 
29 46 1 44 44 50 31 36 31 39 
20 36 26 40 24 13 19 34 18 3 
36 21 3 1 10 38 37 8 14 40 
28 15 14 35 51 41 4 4 6 2 
9 4 3 11 13 33 43 44 13 4 
17 39 26 31 37 29 27 13 15 49 
21 14 14 21 2 30 16 43 12 16 
4 30 38 34 12 16 12 22 51 32 
27 10 10 36 37 27 27 3 35 32 
4 35 13 29 50 5 6 5 23 45 
23 26 25 48 5 38 45 51 40 31 
36 30 19 48 47 1 36 4 20 21 
44 9 35 18 37 7 9 51 31 52 
21 40 17 48 12 22 47 12 29 6 
44 7 16 8 1 14 12 6 49 2 
3 20 11 20 2 19 15 10 49 1 
20 26 31 44 50 12 42 26 13 24 
24 10 31 7 45 32 16 6 36 3 
34 30 45 50 32 34 28 19 35 36 
50 3 34 20 29 28 52 2 47 13 
41 26 45 46 23 14 50 29 28 9 
12 37 2 35 22 19 20 13 23 12 
18 10 12 41 39 31 21 35 33 47 
3 8 31 5 29 35 16 23 22 23 
10 13 30 5 49 6 16 44 12 37 
52 39 9 34 38 16 31 12 17 46 
22 18 26 51 44 37 24 40 9 10 
44 6 15 7 52 51 40 24 49 22 
28 11 26 44 12 3 36 45 32 23 
23 47 12 9 35 20 9 5 42 9 
6 49 35 5 46 2 1 3 19 33 
18 39 25 10 33 3 5 17 43 41 
15 43 1 46 34 40 49 18 27 37 
33 26 47 5 7 26 45 37 14 12 
21 48 5 12 23 45 46 38 24 16 
18 11 52 30 41 6 44 12 23 49 
51 35 3 49 12 48 43 20 48 35 
8 18 43 47 28 20 25 51 3 19 
1 42 44 13 49 8 11 1 7 41 
9 13 42 16 46 40 44 26 39 35 
42 20 51 35 11 24 38 14 52 38 
19 43 48 31 6 3 32 18 31 41 
6 48 33 26 29 28 37 46 21 51 
36 21 51 48 36 13 16 3 22 34 
51 50 45 41 26 43 40 19 30 3 
40 22 38 20 51 1 9 28 10 43 
48 23 22 27 7 13 12 27 52 17 
32 3 29 43 23 25 25 51 34 11 
3 41 11 30 24 3 13 43 52 33 
6 14 23 43 50 37 11 27 40 25 
20 23 30 32 38 27 48 16 11 15 
24 2 21 34 40 41 39 22 5 44 
49 5 28 7 12 34 46 41 25 41 
1 39 41 11 22 38 21 52 46 31 
18 34 5 38 39 42 45 12 47 41 
29 41 44 18 21 52 36 51 5 21 
12 51 36 2 4 29 5 26 2 25 
41 35 39 47 24 25 9 14 34 21 
45 21 24 34 28 40 42 46 50 44 
30 18 26 33 26 29 48 19 19 5 
33 22 20 25 51 49 1 45 5 47 
45 34 1 30 52 49 43 18 23 32 
12 24 8 8 38 23 42 7 24 42 
6 48 51 49 2 38 22 35 37 20 
34 36 34 24 39 33 10 15 11 8 
33 13 27 1 24 33 33 50 49 19 
25 31 37 10 51 35 14 17 18 50 
48 35 19 49 18 5 37 36 44 39 
21 28 34 15 8 34 25 5 15 2 
26 14 18 24 49 35 17 24 12 5 
26 9 50 24 9 28 40 3 12 4 
52 18 12 17 34 24 12 1 1 23 
31 43 7 45 41 36 41 24 2 47 
25 34 18 35 33 48 17 17 6 19 
51 1 29 6 47 12 48 1 30 28 
31 11 15 32 17 13 19 20 4 43 
28 5 24 11 16 39 17 34 45 12 
7 39 37 26 49 9 4 47 19 5 
39 10 42 24 16 44 31 42 36 7 

