31
6
24
21 2 15 14 18 9 12 13 19 9 
9 25 6 10 23 12 28 20 22 3 
20 1 5 18 25 4 24 20 10 29 
16 21 8 19 22 25 12 17 30 8 
10 9 25 4 17 8 16 26 6 25 
6 16 10 6 4 26 26 6 19 12 
3 29 24 6 13 22 4 12 29 20 
15 26 30 17 5 5 13 29 22 20 
7 11 25 27 22 23 25 8 22 29 
17 12 12 30 20 23 17 16 14 27 
30 24 11 23 25 15 2 30 13 11 
2 11 8 29 9 6 7 13 11 15 
24 9 24 22 3 10 27 15 29 1 
14 4 19 1 26 27 4 17 17 10 
19 19 15 6 17 21 24 9 4 27 
3 27 11 8 12 30 21 2 7 4 
19 28 1 7 23 9 7 2 17 25 
6 23 15 2 28 15 11 21 24 27 
1 18 9 25 1 19 26 27 13 24 
13 20 24 23 9 18 28 15 22 24 
24 14 27 3 19 1 3 14 14 29 
27 3 5 6 16 5 28 31 7 9 
1 29 5 10 14 29 20 18 28 3 
23 29 19 20 27 15 14 11 6 25 
12 12 12 20 19 14 4 16 25 23 
26 13 17 29 1 1 20 29 7 16 
30 27 24 14 15 3 23 30 21 17 
26 3 3 2 22 21 24 22 11 3 
15 4 15 6 20 17 31 5 10 9 
22 2 8 24 13 13 29 1 17 16 
26 19 17 30 1 14 5 14 12 29 
2 24 28 5 28 23 3 13 27 25 
6 14 26 24 19 17 4 30 16 28 
27 22 2 25 14 6 17 3 15 24 
8 11 21 17 25 1 5 13 31 4 
29 11 30 10 5 17 17 30 30 5 
26 3 19 6 13 12 17 12 7 7 
14 8 30 4 19 5 18 16 21 6 
11 2 23 22 7 24 7 12 31 10 
23 21 26 15 30 4 3 2 29 6 
29 19 31 11 12 23 4 1 26 12 
6 24 24 12 4 9 7 7 29 27 
3 10 15 12 6 16 10 13 20 24 
18 19 20 24 22 26 18 27 23 10 
8 7 1 15 30 14 9 30 14 27 
27 2 3 8 16 28 14 23 4 13 
13 15 31 8 18 26 25 11 7 3 
5 17 20 29 4 14 7 16 7 29 
19 19 1 27 21 1 6 29 20 4 
26 30 8 20 29 22 16 12 5 15 
13 15 14 15 18 19 18 15 5 29 
28 24 19 7 24 9 23 21 9 3 
15 10 10 18 24 7 5 19 16 21 
29 14 22 4 4 7 25 7 17 21 
23 6 28 3 16 26 22 22 3 8 
26 12 12 2 30 18 21 13 14 31 
27 12 23 11 9 5 9 31 16 25 
1 4 17 27 27 17 6 17 26 23 
27 19 11 20 18 3 21 18 12 3 
19 29 23 28 21 31 1 31 30 14 
16 26 15 16 27 1 11 6 9 6 
18 4 22 10 10 29 24 25 20 13 
6 14 31 25 19 29 21 21 3 16 
3 21 16 17 13 6 9 5 13 5 
12 24 16 4 7 26 24 30 14 27 
14 1 9 3 8 30 14 15 8 16 
1 21 6 18 2 30 18 26 27 2 
15 27 20 18 19 3 16 16 22 19 
20 30 24 25 25 29 30 9 11 27 
10 22 27 12 31 20 10 17 23 12 
31 10 16 9 12 24 30 9 1 5 
11 26 8 21 27 7 12 28 31 1 
19 23 20 1 11 29 26 11 12 19 
14 4 2 11 11 29 25 24 24 15 
7 5 12 31 16 12 2 26 25 18 
17 23 2 13 3 24 28 26 20 11 
25 7 11 1 7 18 18 6 15 8 
31 17 19 30 24 18 9 9 26 9 
23 8 11 23 24 27 27 5 26 28 
12 7 25 4 22 13 23 24 21 2 
3 5 24 19 23 21 9 18 6 1 
11 21 8 8 12 2 8 5 24 6 
30 29 16 25 4 4 6 8 17 8 
5 31 26 4 18 19 4 30 31 9 
13 18 10 13 24 19 1 31 17 3 
11 1 20 14 20 30 11 12 28 24 
23 27 9 21 13 16 15 14 27 6 
15 15 15 11 20 27 3 30 6 22 
3 6 30 18 24 21 8 19 16 7 
14 23 16 14 3 23 28 2 6 3 
6 4 26 24 23 12 23 15 26 30 
25 6 16 30 8 5 28 13 10 10 
15 9 25 26 25 17 12 20 10 25 
24 2 28 16 5 13 14 29 8 10 
7 11 28 4 24 14 8 9 24 26 
2 22 15 18 23 9 18 10 27 25 
7 1 15 14 30 8 29 22 29 8 
24 11 13 22 9 30 30 30 21 7 
14 20 24 3 21 16 3 24 24 13 
8 14 5 29 19 15 13 23 6 2 

