236
47
188
96 195 204 11 119 93 89 88 105 109 
138 150 145 89 113 58 167 23 31 147 
140 216 197 227 66 233 156 185 200 109 
77 106 124 177 150 235 80 162 89 99 
89 123 168 80 187 32 189 156 138 13 
33 105 181 161 117 75 185 190 164 191 
148 5 216 58 186 142 2 79 147 64 
139 60 164 138 158 109 185 159 111 203 
236 50 185 28 160 9 219 11 198 41 
69 212 142 202 221 143 51 169 27 61 
217 42 134 62 151 104 144 117 57 236 
55 6 194 63 217 34 96 229 90 54 
148 141 135 230 140 110 122 211 95 71 
211 30 165 169 200 54 59 29 210 116 
8 208 203 63 66 122 209 210 196 128 
205 19 136 233 65 144 25 159 218 151 
26 185 18 203 125 56 160 53 120 4 
215 221 20 203 178 216 136 21 208 211 
98 162 85 224 131 46 183 212 22 14 
158 208 43 123 76 134 61 59 91 132 
211 39 220 172 120 188 76 62 135 32 
54 5 209 98 234 185 54 66 6 188 
152 191 206 122 53 102 105 220 105 123 
113 24 112 184 20 11 70 154 201 9 
151 179 164 222 192 111 100 66 66 123 
113 105 210 64 215 138 158 162 176 188 
194 136 47 197 74 209 20 141 82 143 
173 14 114 154 166 149 136 13 31 5 
168 231 14 230 43 227 106 192 224 63 
45 82 127 212 235 103 232 67 16 25 
121 161 224 100 112 198 108 6 105 229 
30 119 132 113 205 6 88 1 85 76 
41 65 139 38 183 95 69 185 49 65 
167 134 153 209 172 191 192 1 197 122 
107 42 49 113 172 147 224 132 222 116 
231 183 5 207 219 52 95 167 48 5 
35 168 110 157 55 110 33 111 46 64 
201 104 32 92 219 104 208 26 220 160 
5 14 25 117 189 9 173 92 115 110 
1 30 8 79 177 19 88 34 162 18 
153 223 85 148 12 192 132 149 22 217 
214 217 80 178 81 183 99 49 88 140 
214 38 14 166 144 9 217 16 93 116 
198 19 226 120 72 167 156 19 174 30 
9 235 170 117 122 98 191 149 46 230 
66 7 214 117 16 21 107 105 13 153 
81 204 103 93 149 154 233 46 157 15 
113 45 54 112 227 136 113 209 147 201 
46 170 172 184 43 107 100 233 189 194 
163 218 192 169 11 217 13 137 191 29 
179 6 143 160 15 113 139 64 209 71 
39 220 211 52 25 219 129 21 210 53 
30 226 7 4 76 45 78 29 96 55 
128 5 167 18 219 15 84 81 129 93 
173 88 222 64 37 137 121 49 131 136 
110 134 99 163 31 33 30 180 11 173 
50 143 199 200 231 37 188 129 36 11 
104 25 66 14 6 177 215 30 172 197 
113 229 119 97 55 31 91 192 183 142 
21 42 23 138 5 212 92 228 53 67 
190 182 198 103 9 137 76 136 123 216 
163 17 7 89 89 185 163 123 167 200 
132 88 197 6 97 180 1 28 90 30 
198 89 134 145 72 197 104 57 152 92 
124 85 213 3 45 153 72 90 161 166 
8 90 142 109 76 160 153 131 126 87 
142 175 40 88 126 16 107 75 145 50 
80 199 18 183 3 12 66 222 68 185 
86 230 114 165 183 89 120 192 148 12 
233 221 98 36 233 123 154 61 92 235 
121 173 12 213 158 110 126 48 179 136 
197 221 189 36 18 10 84 146 213 164 
159 199 90 195 230 201 156 101 27 206 
136 54 225 11 163 72 209 6 148 99 
30 183 146 50 170 160 53 219 29 79 
195 61 89 201 19 214 162 174 3 168 
180 218 1 36 116 202 80 165 21 99 
65 63 82 4 48 98 114 212 97 66 
168 185 169 25 149 25 92 17 103 89 
110 23 38 6 199 211 83 57 199 180 
119 216 190 148 228 170 59 170 163 45 
51 52 213 60 129 201 75 209 184 226 
75 50 184 213 90 98 73 5 99 22 
141 161 110 128 150 42 210 134 121 8 
236 101 205 146 158 121 155 102 13 35 
153 107 160 64 96 140 205 54 180 20 
207 177 110 198 48 31 169 118 34 152 
105 132 123 75 25 102 53 211 108 101 
18 230 132 184 106 173 173 159 165 139 
23 48 111 30 177 9 114 8 223 105 
82 17 170 229 186 16 110 226 218 147 
137 111 214 20 173 152 67 69 228 142 
207 78 120 221 75 159 138 68 207 28 
118 36 163 183 147 27 131 212 74 170 
178 221 131 6 145 234 166 66 165 20 
112 51 122 209 148 64 107 137 19 21 
33 55 114 193 132 181 80 79 92 11 
39 130 203 143 103 228 35 115 209 131 
219 135 2 230 230 104 236 173 26 153 
32 127 21 106 80 166 116 69 189 125 

