180
36
144
6 77 18 143 155 19 86 165 124 120 
24 86 137 79 12 60 160 6 164 43 
172 153 48 101 75 42 176 74 86 67 
78 69 173 34 147 3 169 8 31 169 
134 54 19 11 11 167 158 37 159 93 
79 13 73 131 70 45 103 50 36 1 
141 38 75 123 63 133 180 59 21 131 
96 49 171 93 150 19 62 174 65 118 
86 105 12 179 167 63 106 131 64 9 
113 70 56 135 40 31 119 74 74 73 
107 24 144 17 129 120 159 78 146 62 
112 150 128 92 153 2 64 29 172 73 
154 87 108 126 142 52 171 89 73 97 
15 59 107 80 119 22 155 94 31 36 
94 86 97 72 152 104 74 56 72 120 
2 13 82 148 161 163 160 36 76 3 
121 54 179 136 143 176 84 149 110 26 
35 82 102 14 37 24 109 2 31 97 
162 96 10 42 135 69 104 118 62 40 
143 47 16 26 83 46 139 162 74 33 
26 109 6 136 29 176 36 34 56 134 
61 177 81 98 88 151 104 177 40 143 
145 15 84 122 116 160 29 137 152 55 
71 175 153 54 18 151 160 42 158 122 
89 168 13 81 126 111 110 166 142 78 
87 40 141 34 54 101 114 73 4 55 
105 153 45 43 174 28 149 133 40 123 
132 78 105 117 113 172 80 75 68 31 
165 59 30 176 109 27 103 112 118 171 
112 170 132 35 42 142 104 104 125 124 
77 129 48 28 114 91 141 169 3 157 
33 40 176 7 43 159 76 20 111 121 
81 141 118 34 109 145 141 58 168 35 
144 107 126 87 116 96 48 79 12 96 
113 35 76 15 157 172 85 61 106 130 
48 112 176 160 10 20 16 61 94 120 
55 31 75 136 131 27 52 157 84 11 
17 118 10 144 142 152 46 37 118 58 
113 135 170 103 175 3 175 22 144 118 
64 64 106 23 76 106 26 55 147 124 
82 132 146 75 143 29 179 119 49 30 
162 149 29 3 94 152 66 93 48 30 
119 127 173 167 59 78 100 158 161 113 
180 112 109 29 168 20 55 32 46 81 
147 137 137 89 137 37 94 25 12 160 
50 107 14 168 63 76 90 47 133 2 
28 111 161 3 97 154 121 155 147 169 
37 97 169 174 24 60 76 166 44 42 
83 82 114 60 139 9 126 2 153 180 
149 31 106 24 60 13 32 41 89 89 
38 13 176 48 102 136 68 163 114 119 
174 118 33 62 15 12 20 28 116 102 
122 10 108 141 121 133 12 115 172 173 
178 138 144 138 35 111 14 15 53 80 
73 3 132 14 13 127 91 52 60 47 
69 29 82 64 112 37 179 1 54 112 
73 172 64 94 31 145 99 121 139 54 
161 18 9 133 155 102 44 131 149 93 
6 81 132 68 107 146 123 69 3 165 
62 58 12 60 130 59 91 93 141 74 
151 12 106 159 125 131 82 102 132 145 
111 10 93 10 120 32 105 130 151 4 
24 169 36 148 5 138 82 10 159 119 
21 16 106 165 177 34 24 40 61 155 
158 97 129 150 56 156 28 1 52 59 
126 38 14 129 1 20 173 119 37 161 
36 168 96 127 18 15 53 24 64 22 
104 108 101 129 179 93 99 106 24 30 
33 149 24 14 20 106 116 87 145 92 
60 86 83 99 117 36 128 29 52 136 
104 116 18 156 105 172 156 86 91 146 
88 109 22 55 167 61 175 135 50 94 
113 9 169 51 149 6 85 85 82 31 
141 176 64 122 11 61 53 39 85 7 
23 143 165 22 33 17 122 119 12 20 
163 180 4 56 61 79 107 115 28 11 
58 81 113 78 48 146 76 79 138 21 
175 132 143 103 45 170 102 78 100 11 
85 98 16 65 78 99 97 126 116 53 
179 130 102 170 76 43 175 15 120 150 
124 20 103 79 82 53 19 6 98 127 
1 169 102 77 14 174 175 138 156 162 
118 84 80 110 109 176 84 15 148 59 
13 165 56 43 138 83 142 80 107 113 
85 103 60 74 44 178 129 24 139 145 
11 140 63 20 93 51 52 98 27 160 
117 92 123 15 56 120 150 16 106 135 
65 8 134 154 80 43 62 101 49 55 
41 57 26 101 45 83 43 64 152 19 
67 37 45 168 49 87 18 161 36 82 
99 20 63 35 10 68 151 165 160 139 
151 17 155 83 4 39 52 141 147 46 
177 39 170 144 94 61 40 141 104 22 
125 25 62 130 46 29 42 129 7 59 
23 10 51 142 148 23 12 163 45 156 
77 60 94 46 150 78 52 76 37 68 
81 97 63 14 50 153 31 16 70 18 
83 6 87 63 165 51 131 60 94 154 
28 88 44 84 31 37 9 75 173 65 
22 21 135 158 100 168 40 176 102 150 

