53
10
42
24 17 42 44 18 50 34 49 42 2 
18 7 50 42 45 25 3 16 29 3 
39 45 36 3 27 26 5 45 4 29 
46 39 35 22 29 31 13 37 18 12 
34 21 35 37 48 22 24 53 20 19 
19 40 47 14 14 51 43 24 49 33 
27 2 49 38 31 53 13 7 49 21 
33 15 37 42 5 39 27 47 28 49 
20 32 18 11 46 17 10 53 51 18 
51 11 53 8 5 50 2 51 9 46 
26 30 52 25 51 52 4 46 5 26 
20 14 11 25 11 34 43 19 29 24 
20 35 33 41 13 25 39 9 23 29 
7 25 37 44 33 28 32 50 38 48 
39 9 42 37 12 32 38 26 17 45 
5 8 18 12 6 34 11 30 9 43 
18 13 16 30 19 35 11 19 31 2 
32 7 37 37 10 7 53 22 7 38 
43 11 14 42 11 14 51 33 28 1 
12 29 46 40 23 19 25 41 13 12 
16 3 15 37 21 44 33 53 13 5 
6 27 39 12 45 13 9 15 47 33 
22 41 31 50 3 29 5 41 49 37 
1 16 13 2 34 8 14 42 3 23 
41 19 43 10 48 14 30 45 53 4 
39 20 45 43 47 50 24 11 31 20 
2 18 2 43 21 4 1 46 43 51 
42 11 1 17 22 7 22 21 35 37 
47 24 38 10 8 8 29 3 14 6 
23 30 28 18 47 5 48 22 16 7 
51 44 8 16 4 21 14 32 42 48 
34 16 34 13 49 1 33 40 25 1 
25 52 10 7 48 29 33 48 48 26 
7 25 31 23 53 3 33 52 38 44 
40 16 46 35 28 15 15 26 39 7 
8 28 43 42 35 10 29 8 5 5 
49 47 52 33 40 49 33 13 33 8 
41 15 50 2 30 18 37 20 33 47 
20 17 6 36 26 53 46 33 12 10 
39 26 23 17 4 23 10 44 2 21 
1 17 44 15 13 53 46 1 48 25 
40 43 18 50 4 36 49 2 7 33 
41 22 6 6 9 50 43 40 7 49 
15 52 45 37 23 17 5 30 48 46 
15 2 7 36 36 16 40 25 12 47 
12 1 8 44 45 35 5 13 7 5 
29 43 7 53 29 15 38 16 18 35 
38 13 1 46 31 15 11 9 28 46 
42 46 23 12 34 49 30 18 16 45 
10 33 34 12 43 23 28 18 28 15 
1 51 38 8 23 30 52 16 6 12 
47 3 10 6 5 5 5 26 39 45 
10 4 24 46 17 8 46 51 26 13 
50 9 26 42 26 40 34 35 38 45 
51 51 51 47 43 6 30 3 12 43 
44 9 6 48 3 26 26 46 11 50 
13 24 36 48 1 15 19 21 28 30 
7 27 41 38 2 36 50 12 23 51 
52 39 17 23 24 53 45 49 21 35 
30 18 15 41 51 18 4 17 35 44 
49 24 12 38 23 10 6 26 35 48 
16 38 24 42 53 18 11 17 4 5 
45 11 37 12 34 30 18 42 4 45 
2 22 25 49 32 1 17 28 43 7 
10 21 35 45 31 33 42 46 16 30 
39 24 36 13 9 18 22 21 41 15 
9 24 17 11 22 19 32 28 25 51 
35 25 18 26 1 32 40 9 19 5 
12 34 50 21 29 10 26 2 14 3 
7 36 20 27 21 37 24 2 42 26 
5 16 12 15 29 53 32 42 10 51 
39 53 27 47 10 50 20 21 8 45 
14 24 50 2 39 23 9 23 7 12 
35 16 38 3 20 14 11 29 51 3 
34 45 43 29 12 5 33 2 42 29 
52 52 18 21 38 22 42 10 41 34 
25 21 52 42 35 46 52 28 34 49 
2 1 20 23 36 50 11 4 45 52 
12 5 29 26 40 31 8 33 17 5 
42 14 16 40 18 10 2 4 5 52 
15 27 37 14 12 48 23 21 10 35 
47 49 40 44 25 38 30 50 21 1 
45 47 51 9 26 37 31 18 25 28 
5 7 7 53 39 14 53 13 6 48 
40 13 36 15 5 47 53 13 27 15 
40 35 22 35 43 21 6 17 46 49 
33 35 14 20 33 31 29 44 36 45 
5 35 18 43 14 44 31 37 38 53 
8 7 17 48 34 38 38 4 37 28 
47 39 31 45 31 33 5 26 17 3 
28 4 15 37 22 6 31 12 43 32 
48 34 9 42 14 35 43 11 22 21 
50 23 4 2 43 12 18 17 13 49 
40 35 43 41 19 13 25 40 45 48 
43 17 50 22 22 26 16 37 22 40 
27 15 11 2 33 18 23 33 49 24 
21 35 47 40 33 44 29 28 46 10 
50 31 37 21 44 8 36 18 17 34 
10 8 3 50 42 53 5 13 30 22 
43 49 21 35 36 14 45 22 8 26 

