32
6
25
25 24 30 19 8 15 5 22 4 9 
24 18 4 12 18 21 25 10 12 11 
22 4 8 15 13 7 9 11 6 24 
6 8 5 13 25 10 1 2 28 12 
17 26 26 6 9 30 17 14 24 18 
1 9 23 14 6 6 18 8 25 6 
31 13 16 12 1 32 10 8 2 8 
4 15 22 28 6 21 27 1 17 29 
7 10 16 9 3 23 25 18 10 2 
21 29 22 13 13 9 12 4 6 31 
14 31 15 20 14 26 26 15 7 16 
13 23 6 6 13 17 15 23 6 24 
24 31 32 26 29 5 5 3 14 19 
26 11 1 1 16 13 14 1 27 17 
12 11 3 5 10 12 3 23 6 18 
26 25 3 15 23 31 23 3 32 5 
3 4 11 1 12 27 3 30 5 9 
21 20 9 27 32 1 8 31 19 6 
28 19 28 23 3 32 30 32 32 18 
29 4 21 22 8 32 1 31 5 20 
32 13 4 31 8 18 20 23 11 6 
21 20 25 10 29 2 5 6 15 23 
22 1 24 21 11 10 13 29 29 13 
28 32 5 21 25 30 20 20 26 12 
12 4 31 14 23 25 24 3 9 31 
7 22 10 10 10 30 11 25 26 13 
19 15 10 32 24 24 23 31 14 4 
28 32 5 18 5 14 23 7 28 24 
6 32 27 15 31 18 22 18 2 7 
15 19 28 25 30 2 30 4 1 29 
25 9 32 6 16 8 31 31 19 32 
22 7 29 10 26 4 16 5 31 28 
3 19 28 17 10 27 30 3 22 30 
11 4 21 9 16 14 13 26 14 9 
2 23 26 23 6 13 17 22 7 23 
21 31 10 22 5 24 14 9 31 31 
8 15 5 12 14 31 7 27 5 3 
13 24 10 24 13 25 22 5 21 28 
21 23 19 7 17 28 1 28 7 6 
14 18 22 3 15 12 3 23 10 20 
20 32 7 10 32 3 5 13 25 26 
8 14 5 14 15 9 32 12 26 14 
10 27 25 20 12 6 7 6 29 14 
26 22 23 29 5 27 6 9 18 15 
4 31 3 14 22 5 25 24 6 14 
30 27 19 10 18 27 16 12 24 12 
9 18 24 4 12 27 26 25 14 30 
25 29 32 25 19 19 4 29 12 19 
23 13 9 5 26 24 19 21 21 21 
31 20 10 23 1 17 26 25 24 9 
22 11 27 27 1 7 3 14 9 22 
27 32 3 31 11 22 32 30 9 6 
23 10 25 31 21 5 4 3 8 20 
1 17 21 19 10 16 18 8 3 1 
2 25 22 19 13 28 11 15 14 17 
30 30 20 6 30 30 18 10 28 28 
17 19 20 5 10 14 8 1 5 20 
32 20 18 27 6 26 16 11 31 17 
11 19 27 28 3 8 19 10 15 32 
10 29 29 15 23 13 1 9 23 22 
30 26 26 22 23 21 4 24 6 2 
29 23 19 25 16 25 20 6 13 14 
19 5 12 14 4 6 19 15 4 23 
30 5 8 28 24 14 2 8 13 21 
6 2 27 20 6 22 5 29 27 31 
23 28 27 29 16 32 23 27 3 21 
9 19 20 16 10 16 5 29 18 26 
5 28 29 27 29 15 30 11 4 3 
10 24 18 22 3 16 2 1 29 25 
10 31 16 16 5 1 11 23 2 4 
5 11 13 32 24 27 28 32 24 22 
5 21 24 7 23 3 2 27 24 30 
9 2 31 27 3 9 22 15 27 12 
13 1 26 18 8 8 4 11 20 10 
25 18 13 14 24 6 15 31 13 20 
14 17 11 27 19 13 28 25 21 23 
23 21 27 29 22 27 1 1 9 11 
20 12 24 25 5 15 25 16 26 32 
30 20 21 30 12 29 22 18 23 19 
30 31 3 28 1 28 18 6 28 32 
17 14 1 31 1 18 23 29 20 16 
4 9 9 32 6 25 31 4 13 7 
16 18 14 23 27 10 27 1 6 7 
6 9 11 30 15 26 22 32 6 20 
22 5 25 6 30 13 3 2 1 4 
27 13 27 16 26 12 10 12 19 20 
6 19 26 7 11 31 22 13 31 24 
11 4 1 13 13 24 20 13 29 1 
2 25 14 32 12 30 28 19 26 23 
13 6 15 13 17 32 9 11 7 28 
14 15 27 18 8 25 26 1 1 15 
30 26 32 24 17 28 11 31 19 6 
18 31 30 27 3 9 32 10 21 23 
26 24 3 4 3 30 3 18 16 5 
31 25 8 28 29 20 14 15 5 8 
12 19 24 29 13 11 21 28 11 32 
13 26 29 21 14 18 6 3 11 5 
5 7 28 21 29 8 32 13 12 5 
22 15 21 16 17 2 28 11 1 5 
26 7 22 31 22 32 27 31 1 27 

