258
51
206
235 195 77 222 91 150 62 128 232 3 
96 183 73 225 29 72 72 158 40 243 
200 7 184 172 210 200 167 41 216 206 
117 52 16 69 173 241 43 60 60 3 
176 88 96 145 70 68 90 188 80 72 
256 57 57 197 137 173 173 28 172 187 
183 16 165 13 212 48 72 125 55 234 
89 202 74 56 37 196 250 239 47 90 
221 2 166 153 165 8 16 211 142 81 
92 139 101 96 55 179 75 39 37 203 
178 128 129 63 84 21 55 128 17 85 
88 150 118 176 204 105 210 166 249 192 
165 170 161 108 116 191 231 69 72 103 
72 148 20 144 51 105 20 29 208 54 
67 224 30 61 67 82 257 62 250 81 
177 214 144 253 161 145 24 21 89 200 
139 157 154 77 112 6 165 43 139 109 
225 119 154 3 68 204 26 54 214 98 
47 239 105 155 69 135 156 27 167 9 
140 77 138 172 7 71 224 105 142 27 
76 80 131 30 47 166 222 158 191 84 
27 21 125 229 219 196 72 72 78 125 
85 17 191 77 53 43 213 62 193 33 
22 154 212 203 74 54 222 163 6 70 
153 142 35 253 145 174 36 34 91 13 
173 146 198 169 210 87 185 18 237 75 
206 132 104 67 29 135 168 208 256 179 
216 186 162 168 238 220 208 195 233 56 
24 50 221 77 69 205 11 53 207 26 
167 197 227 238 100 130 242 239 176 220 
46 99 71 88 143 99 50 78 250 22 
84 117 190 203 149 41 192 26 118 101 
3 199 74 81 38 109 210 152 163 143 
37 158 14 72 256 235 63 25 24 161 
105 88 113 40 33 218 183 123 249 208 
91 4 218 153 202 242 230 241 52 78 
76 10 11 161 80 105 189 155 184 245 
176 211 14 80 64 50 116 14 102 96 
116 223 21 58 170 236 228 154 239 137 
162 40 23 179 177 162 22 110 123 194 
214 140 231 16 171 44 158 113 120 132 
92 61 198 57 210 32 14 72 162 192 
29 56 188 175 1 242 245 91 63 21 
114 4 203 185 71 36 103 137 79 252 
30 32 237 207 150 41 214 45 59 248 
154 64 47 199 219 76 78 26 175 180 
206 57 7 222 153 208 43 121 100 213 
202 1 43 186 252 16 240 111 175 27 
98 206 212 51 98 213 188 5 82 77 
236 54 217 220 153 90 130 80 69 180 
7 183 19 72 258 230 8 222 237 224 
101 164 62 248 1 205 244 200 9 250 
103 30 223 59 230 255 166 26 132 235 
25 194 43 194 183 112 12 210 86 199 
43 219 179 117 136 196 63 194 180 84 
45 201 244 115 161 30 79 165 236 13 
160 105 139 103 95 185 178 178 231 154 
251 152 253 70 48 217 88 149 190 231 
221 55 112 32 127 19 232 199 116 255 
209 141 114 233 111 248 207 58 170 240 
106 203 241 79 216 97 139 181 217 251 
189 28 248 51 164 250 130 27 238 233 
149 154 13 90 153 82 72 58 233 6 
149 17 177 177 16 102 46 82 251 15 
73 113 158 161 42 229 114 119 131 110 
122 178 156 154 200 180 29 246 240 55 
203 119 130 197 39 160 206 133 211 61 
138 108 135 90 132 124 217 210 226 245 
115 225 98 242 162 217 72 48 106 212 
4 212 257 158 193 163 252 19 208 76 
167 182 160 51 132 52 40 181 80 244 
51 22 123 125 226 56 119 236 204 114 
228 80 49 188 203 46 10 81 127 40 
118 100 139 27 248 211 41 31 62 10 
130 225 245 182 131 71 25 10 29 86 
213 8 129 243 105 66 131 199 21 59 
49 35 85 34 90 70 4 23 240 183 
205 91 226 20 46 62 148 83 213 34 
188 74 16 124 100 256 241 250 80 196 
152 257 50 31 152 178 2 184 47 15 
39 109 120 81 75 132 107 50 25 37 
138 15 236 163 253 121 107 29 19 106 
242 255 222 209 49 11 27 175 252 148 
94 94 47 165 239 180 202 139 127 196 
66 191 26 41 235 99 46 235 72 183 
255 44 209 241 5 78 66 61 212 182 
154 219 173 229 229 100 206 62 218 86 
143 145 151 51 234 84 193 111 142 4 
237 235 195 191 124 28 3 130 159 178 
53 81 233 10 66 171 151 182 118 83 
109 52 153 219 105 121 63 133 132 3 
171 128 237 91 61 148 224 110 110 98 
182 113 146 12 45 91 74 92 59 93 
136 84 8 229 30 66 37 11 204 215 
104 61 31 72 147 223 176 129 74 187 
200 64 208 11 7 173 110 40 230 250 
196 209 149 175 214 141 55 41 72 83 
208 137 102 208 77 206 221 211 89 12 
172 49 55 226 233 21 151 99 145 210 
246 41 5 51 228 18 117 85 202 104 

