237
47
189
94 146 234 48 107 122 120 234 109 149 
169 82 203 127 152 167 185 170 175 11 
153 161 200 23 81 230 194 54 223 155 
82 18 189 237 115 4 67 41 69 230 
117 211 101 164 9 65 21 30 100 19 
32 207 205 55 120 5 150 101 135 230 
119 125 210 38 33 174 37 62 138 15 
201 70 205 148 74 59 151 81 162 44 
128 188 193 131 216 205 17 94 197 93 
186 85 228 197 125 160 145 214 92 143 
138 206 32 73 92 216 87 98 111 199 
151 214 66 173 88 49 21 227 49 177 
124 87 232 47 109 222 61 111 156 31 
117 97 1 81 78 78 26 164 148 108 
216 80 89 206 78 180 30 189 72 85 
110 61 227 31 39 17 207 42 149 12 
200 122 34 220 217 193 237 58 65 181 
92 8 76 166 92 123 80 146 234 79 
124 172 153 122 15 182 128 135 173 138 
24 197 169 84 68 64 21 178 41 23 
212 39 114 235 5 23 112 107 186 237 
11 54 127 236 140 177 73 19 64 221 
123 221 25 58 13 43 63 3 110 157 
83 18 13 159 21 103 85 15 217 21 
165 222 31 230 188 203 154 84 29 192 
190 101 181 80 189 132 150 144 212 80 
38 195 7 129 176 115 201 4 117 45 
132 98 51 196 125 84 16 89 38 66 
134 9 98 155 65 214 37 106 26 222 
108 131 124 63 141 116 193 32 114 116 
196 107 220 22 14 20 54 66 212 14 
12 55 196 128 155 179 53 111 75 204 
128 101 9 27 92 166 72 146 138 30 
169 191 159 164 173 41 91 228 115 62 
42 32 145 10 36 84 174 36 50 51 
161 42 198 22 9 208 86 189 207 11 
65 102 236 87 13 179 180 80 151 129 
147 117 21 72 84 197 190 140 175 47 
122 148 100 195 33 100 228 178 167 26 
150 220 93 191 67 20 86 224 187 231 
29 106 221 133 163 87 61 89 66 222 
207 156 65 59 58 1 29 222 87 23 
139 196 22 41 152 166 114 57 153 231 
36 29 87 226 30 9 16 21 137 123 
211 220 208 159 201 115 148 71 146 100 
39 197 3 173 170 129 55 44 6 65 
40 117 224 166 207 109 48 45 157 39 
101 129 190 111 148 180 105 74 186 216 
229 10 136 164 107 52 202 209 101 161 
88 159 131 153 7 167 23 23 62 61 
188 4 104 17 117 64 223 136 130 130 
25 32 84 62 4 112 214 4 165 18 
111 233 197 233 119 126 101 87 154 151 
47 218 163 112 185 202 29 111 123 31 
219 39 91 195 198 141 86 191 208 56 
105 27 187 97 92 96 65 228 189 27 
173 71 55 167 151 189 158 145 155 72 
14 104 88 29 189 130 170 235 63 91 
181 175 17 140 176 165 182 175 124 23 
163 76 30 102 161 25 36 20 188 16 
125 18 54 141 143 166 18 228 83 57 
227 63 38 169 4 176 99 128 140 137 
188 142 199 170 175 174 184 208 127 20 
203 94 140 70 7 181 203 24 234 55 
118 164 192 19 9 210 193 58 135 215 
163 174 34 180 14 108 98 191 49 20 
236 134 163 74 234 116 24 11 25 175 
153 22 216 124 24 37 90 173 14 210 
87 213 123 162 237 125 135 194 147 30 
114 11 12 199 67 234 188 11 180 101 
137 150 217 144 107 122 121 51 55 126 
143 60 155 149 19 192 194 68 194 175 
93 82 183 186 162 134 89 60 102 33 
69 205 32 187 219 72 16 86 195 217 
66 80 62 103 228 85 139 9 185 230 
91 65 190 199 201 61 170 60 126 197 
216 226 178 101 4 194 85 199 67 51 
152 40 200 221 191 218 131 24 95 4 
22 24 87 72 188 180 133 65 85 54 
117 45 145 159 21 23 151 40 125 209 
206 90 31 217 73 208 33 68 176 220 
3 149 142 11 30 80 15 141 147 192 
114 19 182 212 234 180 228 149 213 134 
88 50 163 234 68 107 57 36 143 94 
105 140 219 124 87 200 197 233 78 134 
93 14 103 210 60 151 147 61 77 14 
173 232 208 223 24 85 213 213 233 66 
6 176 66 216 165 26 30 23 180 59 
19 222 86 139 195 61 4 40 179 106 
31 153 176 3 119 153 3 157 122 42 
138 156 187 38 135 76 116 100 105 217 
156 61 170 226 226 59 129 96 78 98 
210 190 158 188 206 224 53 57 112 131 
225 159 140 119 213 195 224 120 110 80 
34 237 19 47 173 70 26 71 62 201 
102 132 72 37 51 45 55 112 28 135 
59 207 43 202 63 105 195 89 222 48 
218 86 225 117 99 89 9 67 158 83 
47 54 110 41 118 52 55 64 120 229 
142 25 170 191 68 60 196 182 89 188 

