114
22
91
21 38 77 113 65 97 78 101 96 7 
74 109 24 62 110 29 70 77 40 70 
84 82 47 103 53 78 72 16 16 7 
42 52 49 4 19 70 34 50 93 55 
67 37 2 78 60 13 103 76 97 96 
79 88 44 1 43 28 12 67 107 90 
87 49 85 50 31 26 4 49 31 110 
12 98 25 95 101 37 44 45 68 48 
8 89 89 85 99 28 17 47 6 23 
88 14 1 16 16 12 2 19 73 49 
28 18 110 103 26 85 63 20 26 103 
88 77 39 59 29 72 35 89 113 91 
10 40 113 27 44 7 59 1 94 66 
49 96 73 60 113 59 45 68 56 53 
100 46 50 70 23 84 58 47 35 61 
37 80 47 7 49 87 65 28 96 58 
2 108 111 87 109 76 29 67 18 49 
47 57 44 64 48 32 52 67 99 3 
7 9 113 18 10 7 103 85 15 44 
84 92 75 80 68 2 110 28 107 106 
100 10 2 16 31 91 30 88 102 9 
43 113 1 62 84 15 62 113 81 60 
65 75 8 47 73 96 21 109 74 93 
104 37 112 89 105 33 64 91 6 48 
94 59 94 74 45 22 98 76 13 98 
70 59 114 98 50 21 13 75 96 67 
96 1 23 81 70 77 39 99 99 53 
77 57 95 6 100 14 85 92 87 107 
57 31 108 38 73 29 108 70 62 3 
2 20 78 93 46 29 62 69 21 113 
67 52 58 100 3 79 74 22 61 31 
4 1 10 71 79 112 57 13 67 18 
53 53 2 90 101 107 74 99 40 58 
8 63 81 38 98 50 79 39 17 112 
26 112 77 45 92 41 43 3 3 93 
63 1 67 80 34 41 54 15 98 4 
58 100 21 96 14 71 47 49 45 44 
52 38 70 58 24 26 88 92 49 35 
47 53 26 113 101 34 90 97 110 42 
8 37 51 57 51 92 86 2 96 57 
19 48 70 1 23 26 37 32 85 7 
3 75 23 15 41 55 21 57 41 71 
33 67 88 45 70 47 34 7 57 114 
95 26 11 59 15 109 30 80 10 61 
17 57 10 92 50 68 106 37 90 25 
18 14 85 61 81 7 104 96 42 59 
1 80 37 20 110 59 79 106 111 3 
100 6 32 74 98 78 27 63 94 59 
28 20 1 11 42 71 30 97 62 89 
81 99 29 80 2 97 83 98 41 11 
52 16 69 72 37 109 97 99 114 112 
27 16 25 85 18 57 46 81 99 14 
40 26 79 77 26 58 58 54 50 24 
88 107 9 56 8 37 105 89 81 26 
73 31 105 25 71 52 44 55 89 44 
42 45 53 25 33 108 110 49 48 61 
23 7 52 19 86 29 114 10 16 13 
54 91 21 36 20 42 105 86 45 25 
96 24 18 15 21 26 72 102 55 90 
34 84 56 89 98 80 70 104 66 103 
20 31 71 56 7 44 36 79 85 62 
84 74 100 34 19 6 63 59 51 49 
102 96 80 87 34 89 83 11 6 26 
32 69 67 108 24 108 40 85 76 30 
14 80 111 40 101 59 16 86 65 46 
61 112 72 71 44 44 40 25 28 111 
52 41 70 5 24 22 26 7 76 65 
2 25 50 96 77 78 112 114 21 97 
85 74 52 109 74 65 34 56 17 113 
49 9 84 1 110 60 63 38 44 67 
21 70 8 2 113 4 12 103 66 1 
64 20 52 8 98 56 11 81 54 15 
85 53 17 21 114 88 76 94 16 22 
74 109 87 25 111 11 86 99 43 46 
109 31 83 35 38 87 98 28 97 95 
45 79 67 41 59 21 16 30 74 110 
91 67 22 67 35 67 30 114 48 65 
101 83 62 102 12 54 99 106 114 23 
37 91 61 89 95 30 38 57 94 18 
106 23 88 40 73 43 42 65 13 55 
26 2 79 108 6 107 10 25 41 24 
75 41 105 54 37 26 9 92 63 113 
78 51 1 19 110 53 61 4 11 58 
18 6 88 39 32 79 52 82 16 104 
79 95 19 44 20 13 44 14 94 85 
5 8 110 52 91 74 36 19 45 29 
42 78 18 84 7 71 108 14 16 20 
89 67 70 84 77 51 79 39 92 11 
50 89 64 67 69 98 72 109 89 25 
100 16 109 32 3 40 12 74 17 6 
79 29 96 32 104 98 80 67 109 103 
91 2 97 96 93 44 90 15 96 114 
4 22 30 107 99 22 45 67 82 81 
85 97 90 17 94 25 2 29 71 32 
42 38 35 10 7 2 22 38 89 40 
47 81 70 97 68 52 93 17 36 10 
23 78 38 81 112 61 113 2 30 40 
84 23 112 64 23 52 22 44 85 17 
26 74 29 105 56 3 74 106 6 107 
108 99 55 26 29 110 98 50 8 65 

