55
11
44
28 16 27 6 4 44 40 30 8 37 
2 44 3 28 37 19 47 1 27 46 
3 41 45 8 37 34 6 2 32 31 
7 28 5 5 22 12 43 18 50 47 
10 41 39 47 16 55 5 4 3 27 
14 9 17 13 23 45 55 24 32 37 
8 55 9 24 12 16 15 1 36 2 
19 12 27 1 45 50 16 34 39 14 
45 21 2 33 50 30 26 3 47 11 
8 51 30 42 6 1 43 38 1 15 
4 25 28 27 49 24 54 55 18 3 
28 11 32 39 21 16 40 43 34 49 
18 20 44 29 7 24 10 24 4 51 
46 45 6 22 2 23 45 34 54 30 
39 7 2 47 29 25 15 16 51 16 
51 18 14 25 17 1 44 8 2 21 
3 4 36 41 28 52 27 9 16 4 
26 8 46 39 28 55 13 15 39 11 
6 49 48 8 29 20 3 22 43 26 
26 23 25 19 42 50 44 4 32 29 
55 23 47 35 49 29 5 41 46 24 
28 1 36 12 1 37 15 19 31 2 
10 26 33 7 42 2 40 41 49 41 
2 7 12 42 49 6 16 36 53 13 
6 34 33 44 25 22 31 51 36 42 
17 16 31 50 23 30 5 23 35 45 
9 14 53 28 11 4 44 13 13 40 
2 12 27 30 29 2 23 28 5 22 
5 14 51 38 45 31 39 45 51 29 
26 11 20 8 12 51 12 54 8 53 
18 45 40 2 38 2 45 36 22 43 
22 39 46 45 5 1 41 22 44 44 
52 10 11 36 38 23 37 3 38 33 
37 6 18 20 21 55 3 18 11 3 
22 7 22 46 28 29 23 22 22 46 
52 15 38 12 35 50 51 6 8 25 
47 1 26 15 51 41 13 54 20 11 
43 11 20 41 2 34 36 46 28 9 
30 52 1 48 2 1 41 15 28 22 
53 53 17 17 5 9 39 17 32 40 
48 18 1 14 25 8 41 27 52 22 
6 31 38 55 39 50 52 24 4 22 
53 50 36 33 7 47 37 13 42 11 
16 13 43 35 21 29 15 20 50 49 
51 46 49 12 48 20 49 11 4 31 
51 27 13 50 47 14 47 7 38 8 
16 29 54 41 42 38 35 38 25 21 
25 39 50 31 24 47 5 7 52 5 
1 39 45 21 49 24 51 11 42 55 
44 35 53 55 40 44 20 22 46 11 
49 28 40 54 33 16 36 50 41 5 
18 40 39 2 42 24 47 27 53 46 
16 19 1 27 47 16 46 45 18 1 
48 23 47 46 54 55 10 40 5 18 
25 27 47 5 15 29 5 34 31 8 
26 34 43 17 48 10 20 6 18 2 
14 30 40 48 5 55 26 55 18 18 
44 7 48 1 7 13 20 14 12 51 
17 3 51 41 48 46 32 13 16 11 
45 52 26 30 22 30 6 36 43 9 
53 35 27 53 32 52 46 43 17 52 
18 45 8 1 50 49 5 22 11 10 
55 40 47 50 14 18 23 1 55 48 
32 7 5 27 53 45 8 53 27 55 
13 5 45 44 48 7 7 22 26 50 
26 50 35 39 17 9 11 13 8 35 
33 42 46 45 1 21 55 35 18 35 
51 43 55 41 8 52 8 34 34 33 
49 27 30 52 43 19 40 15 52 35 
29 55 47 5 17 33 48 39 3 20 
35 38 22 45 5 29 16 46 32 24 
47 3 37 39 21 37 8 36 19 45 
50 43 23 18 6 38 12 8 16 44 
13 1 13 22 33 1 5 16 26 44 
49 19 1 29 34 38 27 29 1 1 
41 42 5 7 43 1 25 12 55 43 
52 48 54 13 17 10 10 46 25 25 
30 47 25 19 50 13 45 36 36 41 
2 15 25 40 48 40 31 1 29 8 
12 8 27 49 20 49 50 29 53 8 
34 45 4 14 48 52 13 6 51 53 
45 51 12 44 31 8 39 20 39 17 
11 3 34 25 40 44 5 14 33 39 
31 16 31 41 53 31 42 6 39 34 
49 13 20 15 38 11 39 4 38 46 
43 5 8 42 46 8 52 30 38 46 
29 35 28 21 51 2 32 26 53 2 
18 28 10 34 7 19 33 37 12 24 
41 43 51 27 52 35 41 26 43 18 
20 41 10 36 42 46 55 35 35 37 
53 45 7 1 24 2 27 2 38 21 
25 34 40 30 7 41 50 26 13 46 
31 9 27 23 41 17 12 34 10 43 
5 49 15 43 30 22 3 38 25 5 
49 11 46 54 4 43 10 39 37 40 
16 25 52 20 44 55 37 31 50 32 
35 42 6 36 33 33 15 40 12 39 
24 44 15 52 3 25 22 30 52 40 
16 45 32 47 24 26 12 33 13 16 
15 36 25 11 36 53 6 3 37 39 

