217
43
173
7 132 95 149 162 150 209 125 192 137 
157 111 138 133 113 217 205 88 139 146 
192 63 126 194 135 108 138 93 129 210 
51 43 208 195 26 46 201 69 35 193 
125 156 133 168 56 109 143 216 174 122 
15 155 204 178 125 160 211 186 36 128 
101 174 153 134 18 13 177 62 186 115 
187 213 34 167 147 182 77 35 169 69 
71 65 202 116 40 74 125 176 29 29 
214 186 135 71 126 138 1 109 27 182 
71 89 69 124 20 41 53 146 152 179 
12 184 145 56 102 202 58 103 184 33 
26 125 1 15 54 41 176 65 66 167 
155 210 106 212 28 190 38 36 163 114 
177 29 167 22 121 119 67 58 113 61 
211 71 76 141 37 137 128 217 183 144 
177 35 56 61 92 7 113 184 8 190 
181 170 70 189 144 12 200 73 204 161 
8 110 24 28 74 24 141 5 171 165 
58 122 196 131 33 201 156 74 212 158 
52 67 127 61 52 96 107 69 180 49 
79 9 17 123 138 55 112 43 158 168 
17 173 41 71 127 59 90 5 170 150 
125 180 48 82 165 18 86 25 94 83 
112 176 55 2 132 105 160 23 118 44 
207 139 98 53 69 196 91 185 35 124 
46 162 110 3 149 175 105 31 57 134 
3 82 3 178 195 135 154 210 16 186 
164 152 151 216 19 96 202 217 150 130 
152 157 202 140 160 114 68 122 94 172 
197 113 14 90 130 137 158 131 210 110 
210 98 126 110 24 206 206 17 147 105 
175 127 122 205 25 211 116 19 148 12 
155 21 135 13 155 183 88 118 214 162 
157 193 12 44 190 100 142 37 123 194 
188 65 85 198 81 60 115 184 52 167 
132 17 157 3 166 186 33 217 117 207 
39 20 21 50 180 61 176 81 23 96 
130 167 197 111 211 123 88 113 44 175 
125 162 121 103 191 79 88 65 22 67 
161 120 83 175 119 153 195 117 35 64 
86 152 65 165 88 37 91 175 179 122 
156 160 173 142 103 128 170 201 188 180 
51 79 124 145 70 73 152 217 188 99 
173 34 31 169 196 98 176 45 8 87 
147 33 33 86 117 70 84 29 45 148 
172 128 202 81 183 27 74 130 156 200 
36 124 94 1 56 81 166 57 132 139 
141 211 95 141 38 126 58 165 44 18 
49 124 96 39 94 34 104 30 34 58 
19 116 58 126 185 94 189 205 166 81 
78 49 189 66 75 140 168 86 18 34 
49 42 53 11 103 171 11 29 69 65 
193 125 8 193 169 165 62 102 53 121 
115 144 75 23 57 54 195 34 189 97 
2 67 25 38 122 85 13 122 15 133 
15 175 102 112 106 186 5 199 51 92 
170 210 73 48 157 133 1 94 137 134 
211 27 193 159 154 157 205 203 95 188 
134 77 67 92 91 91 33 9 215 125 
23 43 123 95 156 202 18 157 167 143 
206 141 4 53 6 1 153 129 1 155 
6 91 89 97 138 202 101 59 205 86 
4 62 91 37 86 193 55 131 109 94 
46 201 153 184 50 51 28 12 162 108 
60 205 82 95 128 120 192 104 180 128 
197 73 117 169 39 184 103 64 215 204 
184 171 109 46 200 190 166 186 20 60 
201 180 25 215 185 71 88 130 213 157 
73 186 33 207 192 49 209 189 75 94 
204 168 197 164 130 104 189 131 5 12 
98 115 142 128 70 133 36 109 173 126 
135 58 88 90 203 144 51 168 107 207 
201 119 12 128 107 200 133 54 190 98 
165 143 184 209 71 196 169 99 152 187 
63 146 169 148 185 198 113 32 94 186 
155 9 1 144 206 21 145 108 122 127 
145 124 147 123 215 194 5 73 10 115 
129 36 53 197 42 66 133 13 15 169 
66 144 17 88 44 53 127 11 81 132 
87 197 34 197 93 187 3 97 72 194 
181 100 11 201 45 52 132 184 138 40 
148 105 156 85 91 135 108 4 19 29 
69 152 151 112 43 1 16 170 36 109 
29 74 203 34 143 153 82 52 136 68 
110 81 39 205 136 44 202 50 80 128 
36 87 104 58 147 148 166 173 95 31 
129 35 214 175 165 24 89 111 35 80 
48 57 207 10 155 66 4 8 27 114 
13 67 77 212 110 179 91 36 214 205 
133 119 131 82 17 196 55 122 119 157 
20 53 84 126 205 94 65 187 94 54 
66 39 167 62 46 190 72 179 87 70 
147 103 212 211 148 204 50 79 11 116 
155 98 54 93 57 159 55 211 102 162 
40 39 131 203 136 129 173 123 193 208 
202 152 77 84 204 174 130 160 107 164 
52 186 125 214 27 99 174 51 49 174 
31 128 61 21 25 16 30 21 176 90 
209 135 64 82 107 36 97 153 113 39 

