259
51
207
70 12 197 66 210 37 118 41 62 29 
179 257 108 73 194 158 103 98 4 105 
28 122 54 116 146 252 110 12 116 110 
157 189 2 235 250 21 122 106 108 7 
150 93 174 192 131 2 195 42 75 95 
205 249 35 134 187 124 83 90 23 45 
156 88 83 205 219 171 216 223 115 7 
211 48 181 52 26 89 224 249 234 181 
207 139 96 256 170 120 210 24 199 90 
28 126 194 24 190 135 60 33 93 205 
102 110 9 107 200 164 258 202 83 13 
39 54 37 150 64 80 69 148 220 80 
98 49 123 215 105 228 160 68 247 24 
172 27 129 65 146 127 14 80 118 101 
38 128 158 82 218 199 151 2 255 79 
98 26 146 12 57 13 59 208 55 52 
258 3 11 41 79 15 143 9 179 54 
132 99 252 102 174 105 173 87 65 95 
212 210 11 99 241 50 115 208 87 36 
32 170 141 251 43 125 65 131 67 257 
171 24 162 4 67 204 130 194 237 205 
208 138 212 110 13 6 45 188 64 155 
19 84 26 70 12 139 254 90 77 26 
180 227 99 102 259 23 59 14 153 104 
50 43 87 198 58 196 131 174 188 113 
221 165 117 120 82 191 37 72 161 244 
184 198 114 97 70 53 54 176 111 58 
8 195 15 174 98 53 233 244 7 70 
42 62 50 90 10 88 186 38 241 168 
250 12 240 118 193 98 148 72 14 13 
165 130 251 136 136 151 225 145 139 244 
203 102 38 115 192 228 246 221 21 193 
121 4 253 74 143 204 130 34 212 89 
1 30 52 107 63 217 36 1 199 172 
132 172 204 13 39 186 66 154 58 233 
207 2 202 243 15 76 193 65 23 125 
253 22 248 54 25 141 117 233 139 46 
158 91 68 38 12 189 83 94 207 127 
87 238 45 127 177 195 175 190 37 216 
199 103 246 249 244 257 165 184 169 53 
75 210 145 69 151 20 175 96 122 182 
258 174 24 22 42 153 155 215 109 44 
144 134 227 75 157 250 126 30 137 119 
61 113 144 15 11 1 216 153 115 130 
26 205 209 55 9 16 201 197 114 69 
66 210 235 200 172 81 204 208 239 81 
110 129 15 103 247 193 62 18 48 108 
170 46 158 191 169 26 145 180 98 96 
27 243 9 131 84 201 183 181 212 64 
146 156 73 52 156 51 256 100 216 240 
95 136 34 99 6 31 203 122 57 55 
116 51 175 182 147 190 86 243 138 24 
180 126 26 76 92 189 21 176 249 93 
130 190 149 87 101 216 35 233 244 182 
151 20 22 64 130 9 105 158 187 131 
241 244 164 29 35 202 179 137 155 213 
188 198 215 94 79 175 241 194 244 247 
208 203 152 196 194 195 78 229 147 149 
238 73 159 157 217 152 257 147 152 69 
33 254 239 166 177 124 115 226 97 160 
249 161 180 193 67 98 257 145 87 9 
259 204 247 38 119 19 65 182 87 149 
212 232 45 208 21 196 204 140 42 122 
146 183 54 101 175 54 110 31 245 31 
81 19 227 7 146 10 204 3 181 81 
21 153 65 36 143 246 172 31 116 105 
110 65 198 134 52 251 97 5 140 120 
245 227 104 59 138 247 37 77 178 207 
80 218 44 218 212 203 77 5 173 10 
93 66 137 103 115 36 159 234 192 255 
5 95 88 225 142 182 6 178 73 192 
235 68 195 137 166 38 165 214 211 225 
13 26 123 250 56 14 202 196 96 42 
103 19 93 205 205 29 77 48 94 177 
162 21 121 54 111 241 253 55 172 165 
230 11 119 229 168 86 84 215 69 229 
105 23 96 117 148 259 171 41 71 242 
10 1 209 253 177 141 243 188 2 160 
192 246 91 21 111 21 174 234 28 31 
85 95 69 248 80 125 142 95 111 112 
75 208 98 162 92 214 102 217 160 198 
120 49 191 232 200 157 50 251 150 225 
153 197 73 105 251 19 211 19 219 247 
189 218 121 180 130 150 91 211 229 177 
4 171 209 41 74 149 97 7 24 179 
59 167 226 60 120 69 16 176 159 177 
180 188 65 153 250 247 28 183 124 194 
31 248 6 118 205 230 137 106 142 102 
22 200 11 237 161 189 72 52 11 9 
258 180 11 233 19 101 40 64 243 180 
75 27 60 194 98 120 114 223 166 114 
103 6 73 71 213 250 36 227 189 257 
125 30 170 118 175 232 17 246 139 22 
61 52 28 253 76 22 172 38 88 100 
132 51 176 84 237 156 149 17 95 225 
141 128 166 160 233 87 8 45 124 52 
93 43 239 185 259 6 139 79 156 146 
149 201 145 139 170 107 125 137 225 157 
64 254 227 107 209 258 12 212 26 259 
53 110 179 5 92 245 256 6 211 61 

