171
34
136
71 19 151 119 98 87 51 106 96 11 
56 9 46 141 31 142 164 143 117 48 
170 167 13 82 34 113 105 145 114 152 
156 10 11 1 76 157 76 79 89 59 
79 98 3 168 11 2 56 88 91 123 
116 12 118 35 57 132 140 7 45 109 
82 130 62 2 151 16 108 124 85 144 
110 41 22 92 7 159 107 63 27 58 
155 154 48 10 150 160 124 23 96 139 
140 131 86 10 101 117 148 80 85 153 
59 141 24 99 17 169 147 15 105 136 
69 118 43 116 79 152 37 59 26 146 
115 104 138 50 35 82 97 120 84 126 
38 133 105 112 117 76 63 163 44 158 
1 58 117 3 119 116 2 56 85 112 
72 110 150 74 2 161 116 134 19 36 
106 133 3 90 41 129 97 121 78 13 
2 82 27 105 52 72 57 100 71 48 
35 92 18 34 167 168 153 116 48 77 
112 155 50 154 57 72 46 49 139 72 
133 165 65 29 2 55 154 46 69 127 
104 140 26 138 155 26 73 108 47 10 
50 41 71 107 63 161 28 23 58 23 
131 82 93 140 77 10 82 72 133 134 
75 122 134 7 82 151 29 43 27 24 
16 89 99 135 13 158 94 5 30 94 
59 31 164 33 166 92 69 40 108 150 
92 2 135 100 45 143 81 80 104 40 
152 114 38 148 85 66 48 35 57 87 
33 162 10 7 82 164 51 54 111 62 
16 158 52 69 38 41 2 166 39 162 
157 76 138 155 104 32 92 61 160 74 
142 116 105 140 118 73 53 151 137 81 
117 72 58 70 55 115 116 43 19 101 
41 110 87 96 140 127 54 8 91 164 
25 57 169 111 74 20 105 44 164 94 
164 9 153 85 86 133 91 128 55 55 
126 151 65 82 85 102 1 15 27 155 
35 35 12 43 95 95 92 124 153 46 
50 73 119 141 125 58 21 66 103 41 
15 148 97 23 26 88 106 45 90 125 
94 153 60 55 89 162 98 74 149 171 
40 49 112 111 21 3 47 122 152 137 
161 126 22 144 19 163 13 112 100 131 
117 161 153 89 3 28 132 125 62 34 
116 82 128 87 119 12 105 113 131 32 
132 4 1 63 98 109 35 91 3 102 
161 50 34 27 111 135 122 123 122 14 
93 60 6 48 25 150 161 13 60 163 
130 129 112 146 167 111 116 108 53 81 
103 74 124 26 162 102 6 86 149 107 
67 136 59 94 106 151 146 88 56 45 
59 15 111 55 107 2 100 21 9 62 
143 26 22 127 83 74 33 17 28 48 
50 117 152 87 100 110 36 38 82 26 
21 45 93 43 15 20 146 135 57 84 
149 166 37 161 68 10 133 160 82 121 
163 2 68 27 46 112 135 10 140 113 
21 103 121 75 81 87 155 142 116 114 
150 60 61 130 39 85 12 144 148 28 
123 160 166 65 50 138 26 120 115 40 
142 38 92 140 140 47 8 149 16 113 
139 99 9 13 94 139 96 136 107 63 
130 126 104 72 136 33 50 46 136 89 
106 105 65 95 30 16 168 170 112 1 
20 95 164 51 134 152 36 129 70 30 
19 46 101 109 25 135 158 121 62 46 
1 122 153 151 122 45 87 170 59 158 
70 104 55 68 114 15 35 112 140 23 
96 32 20 101 24 86 130 40 21 35 
19 123 168 129 112 89 156 82 35 22 
111 114 170 82 58 31 87 108 15 40 
146 60 55 74 82 131 31 46 69 102 
159 67 104 142 92 110 118 162 140 166 
100 7 129 68 58 29 71 81 169 139 
29 152 95 80 98 60 129 91 127 127 
111 47 92 42 9 96 41 47 3 145 
41 9 106 1 47 109 45 38 120 13 
19 40 56 129 10 65 115 92 124 115 
127 79 133 15 51 50 130 162 88 102 
144 57 79 70 154 8 97 151 68 12 
109 95 35 161 95 55 137 107 78 133 
65 162 24 170 116 166 83 27 100 109 
166 68 2 86 124 49 79 9 112 40 
72 114 167 118 46 6 51 38 171 129 
154 69 101 118 112 60 28 149 151 156 
56 147 153 71 45 139 127 98 14 65 
84 64 95 19 132 8 16 122 61 36 
99 14 85 114 125 24 41 144 118 74 
95 111 8 5 11 7 21 85 21 43 
6 22 19 154 145 70 15 105 22 34 
84 17 157 125 51 69 100 161 156 26 
76 89 28 14 97 122 7 154 31 70 
155 84 39 30 46 78 169 162 102 154 
58 118 164 122 67 124 10 39 79 148 
75 90 94 49 77 110 20 13 37 44 
79 88 39 58 126 19 136 15 24 145 
40 55 129 167 4 70 129 138 65 66 
6 61 56 59 78 139 53 7 95 85 
171 126 8 122 88 62 92 149 34 4 

