115
23
92
16 20 47 65 46 91 44 112 16 31 
94 64 87 8 84 58 64 82 38 83 
99 45 23 75 109 75 8 104 70 40 
29 65 40 27 102 96 37 55 23 9 
21 81 14 16 111 107 8 70 13 10 
96 78 16 33 114 32 86 88 66 97 
61 115 11 111 88 67 86 78 63 17 
82 30 56 9 105 84 5 103 42 46 
1 2 63 18 91 77 21 30 11 52 
38 94 7 34 32 74 69 105 103 101 
86 91 84 32 12 49 12 21 63 108 
93 22 109 18 83 92 86 55 82 40 
22 36 33 63 115 62 47 27 91 44 
5 55 24 54 101 7 81 57 34 79 
10 96 79 71 112 98 64 101 98 31 
111 46 4 78 105 49 67 90 87 101 
115 17 83 28 28 21 76 21 19 68 
4 63 113 4 99 94 17 59 34 26 
51 20 96 33 45 81 98 66 64 28 
75 42 97 22 41 9 60 93 74 76 
87 11 17 71 92 112 65 59 3 40 
80 67 104 44 58 113 58 110 96 9 
28 43 59 82 21 110 29 23 4 106 
105 89 96 26 107 106 3 64 85 86 
96 100 22 103 29 71 80 90 26 70 
42 99 64 2 47 109 47 21 108 52 
60 35 93 38 68 9 98 83 86 77 
110 97 60 72 75 10 38 64 72 22 
5 12 45 111 60 66 65 16 24 67 
26 54 82 106 5 48 34 25 72 85 
113 8 30 27 87 33 43 23 26 30 
100 80 39 46 12 19 34 30 41 89 
26 82 38 44 96 59 91 66 46 49 
27 6 103 104 84 115 32 103 115 17 
42 27 40 1 68 18 101 52 113 85 
22 34 91 67 90 34 5 82 52 81 
108 3 45 1 21 16 47 86 41 53 
62 5 2 72 97 6 38 101 47 18 
37 62 7 76 22 18 32 89 44 8 
15 114 49 36 100 46 9 60 27 65 
59 36 5 107 38 59 9 18 72 25 
66 63 92 103 19 54 101 12 58 3 
55 101 112 86 94 100 55 96 103 57 
98 104 3 36 105 32 37 83 21 77 
94 100 23 4 59 98 39 11 95 49 
114 111 16 95 99 18 4 29 17 97 
39 50 86 27 26 56 42 17 9 100 
73 82 38 3 15 11 48 59 108 57 
111 105 91 48 89 10 57 5 9 76 
71 20 32 35 26 32 26 20 40 36 
19 86 36 30 108 16 83 111 3 6 
47 4 115 75 111 31 27 74 22 97 
70 35 37 66 53 95 56 38 77 83 
7 41 4 81 80 73 100 27 114 83 
30 43 10 86 71 80 14 77 58 1 
33 37 63 109 41 102 22 75 9 72 
50 104 107 65 104 111 12 105 16 53 
13 48 14 13 102 108 50 75 32 63 
103 29 2 115 33 103 11 30 11 65 
85 40 24 48 18 29 68 5 18 33 
75 12 66 20 25 73 48 105 22 73 
94 63 48 49 88 55 28 105 78 42 
36 12 61 89 8 55 112 22 44 33 
73 32 68 18 26 39 68 14 108 93 
28 2 32 112 49 54 45 44 65 45 
94 72 102 71 40 112 33 12 74 87 
113 76 82 111 43 57 6 101 110 82 
24 71 12 2 77 49 41 107 67 60 
85 4 37 55 35 58 52 15 76 38 
10 68 78 91 103 74 47 62 15 20 
18 58 99 33 49 60 34 60 68 51 
96 80 11 95 101 26 28 52 75 112 
73 39 50 46 106 87 5 95 32 57 
84 88 52 38 83 69 101 96 43 14 
24 68 73 111 54 104 62 69 16 104 
67 96 31 83 40 75 32 97 21 84 
30 25 11 104 40 70 77 64 36 99 
15 55 43 113 1 23 89 104 109 51 
58 58 59 77 13 47 104 28 86 69 
4 41 60 92 14 108 20 28 105 77 
107 75 106 30 25 67 60 75 12 62 
17 75 66 36 66 6 76 97 79 104 
114 80 36 78 68 2 51 58 64 1 
69 35 111 89 54 90 35 67 98 84 
88 62 78 15 35 16 32 27 84 71 
44 72 23 28 89 64 89 28 66 111 
104 42 14 13 61 19 47 69 31 38 
76 95 100 45 30 113 89 71 104 88 
84 29 39 2 29 45 104 70 14 108 
80 86 63 67 61 34 74 107 91 5 
33 78 66 12 26 67 35 85 68 91 
22 78 9 17 61 83 30 2 2 106 
93 17 51 65 67 77 78 84 24 28 
56 49 68 113 81 18 51 74 93 22 
109 49 30 97 40 23 23 100 86 22 
44 23 84 23 55 29 26 111 57 70 
31 76 50 90 112 21 108 82 110 80 
98 77 97 72 75 82 22 59 53 42 
41 42 40 15 52 19 98 23 38 33 
86 71 92 113 20 104 68 94 17 113 

