239
47
191
15 12 86 217 225 97 129 109 53 33 
193 162 160 91 181 173 115 54 66 14 
64 225 191 86 56 20 213 49 160 66 
171 215 235 125 25 218 140 52 172 133 
45 139 96 32 8 218 19 138 176 54 
79 213 55 219 68 84 231 16 164 223 
238 90 11 104 118 210 91 232 38 174 
8 222 193 238 30 211 127 19 190 108 
2 74 118 111 92 157 15 71 180 47 
140 158 162 101 144 163 10 235 221 62 
85 22 175 187 13 166 196 139 98 85 
47 187 195 155 121 84 9 203 87 150 
133 176 77 233 210 91 218 186 198 238 
3 6 157 61 168 44 90 131 154 234 
164 206 218 127 36 8 190 211 28 173 
144 221 24 103 55 27 222 198 145 151 
4 202 16 164 67 111 15 153 32 213 
99 100 213 87 82 68 9 183 202 173 
182 5 1 128 192 136 8 5 91 135 
25 33 142 9 220 153 231 220 56 23 
193 40 38 136 181 59 179 171 160 105 
96 215 27 157 190 81 166 194 136 103 
230 184 99 1 78 158 160 231 167 34 
154 192 95 134 166 134 62 83 149 9 
167 183 83 195 11 112 169 227 48 143 
133 49 12 76 3 18 73 95 95 146 
54 60 67 156 33 67 79 33 88 126 
178 77 99 50 221 13 97 189 107 150 
79 233 191 215 200 105 97 232 47 144 
177 72 179 102 177 192 183 229 141 35 
150 59 194 231 148 196 198 9 219 84 
39 172 223 35 148 221 195 177 41 67 
143 176 93 140 71 185 193 97 57 211 
186 9 114 183 176 147 133 184 64 1 
197 2 157 68 89 66 210 38 238 234 
40 146 218 40 149 102 144 152 226 225 
20 40 84 236 174 74 235 234 93 42 
223 95 105 157 45 7 11 146 52 33 
14 75 33 87 81 203 56 152 17 16 
71 15 87 71 176 48 21 205 105 128 
216 213 72 171 43 65 96 33 142 174 
185 212 44 67 168 51 229 114 239 154 
232 124 82 21 65 214 184 23 233 134 
201 146 134 89 70 193 48 185 125 153 
229 92 93 105 186 189 29 29 75 55 
9 8 11 201 35 216 136 103 56 117 
218 200 83 36 213 172 71 188 44 235 
49 200 4 36 213 110 26 72 181 203 
134 58 61 7 150 99 104 152 47 204 
46 238 108 55 237 121 92 210 89 31 
125 36 32 52 174 178 66 149 21 147 
48 91 219 183 182 227 102 173 120 219 
178 235 71 4 20 120 197 133 122 195 
117 160 208 72 119 99 43 113 120 158 
209 64 226 116 74 67 132 195 75 72 
145 190 178 193 89 29 113 153 99 51 
78 70 220 164 44 33 31 143 87 36 
6 232 12 234 34 195 9 135 209 24 
193 68 53 199 222 167 170 213 198 109 
117 56 8 115 224 72 221 236 7 13 
33 40 184 14 181 119 51 29 67 200 
201 57 183 65 51 136 239 215 60 64 
216 219 214 211 143 73 120 163 187 13 
61 147 45 32 234 81 6 62 184 58 
116 36 93 166 118 74 101 223 201 18 
68 62 203 65 53 222 50 171 151 91 
87 78 40 190 159 43 65 177 12 51 
123 132 29 204 200 20 78 209 107 154 
183 171 180 62 232 68 29 103 226 106 
213 101 27 117 15 154 91 228 78 63 
75 46 59 197 54 238 39 228 61 220 
92 138 55 47 82 147 75 20 218 81 
16 112 31 8 39 192 130 33 139 56 
126 63 37 73 160 60 32 24 88 46 
89 162 91 124 104 72 37 161 135 195 
225 158 78 67 30 163 142 57 175 76 
59 98 107 225 66 182 198 175 49 36 
75 227 209 163 57 203 237 193 21 172 
215 100 6 66 20 5 4 74 138 93 
1 149 177 180 169 2 28 107 185 76 
4 186 68 145 22 14 170 193 234 215 
9 91 118 20 146 120 193 16 215 142 
160 127 224 13 64 143 57 70 203 161 
205 149 162 230 105 107 36 109 210 145 
203 226 192 40 96 41 116 84 135 115 
94 65 163 15 197 171 66 194 148 213 
196 54 238 4 5 118 149 57 49 231 
1 220 189 167 217 86 224 14 200 78 
69 46 144 168 77 14 11 39 238 64 
94 56 141 19 152 97 207 53 131 104 
134 83 199 235 198 73 168 63 44 99 
1 105 198 86 193 197 69 190 191 76 
62 232 71 37 170 27 1 41 79 197 
80 193 88 157 98 62 17 72 18 233 
126 104 14 151 187 180 169 66 40 1 
15 203 56 90 36 145 198 109 167 227 
108 33 17 145 37 236 238 69 205 78 
216 111 134 62 16 216 196 100 94 184 
5 191 203 159 110 187 228 97 183 127 
184 71 182 165 135 181 37 225 160 75 

