0.001
0.000
0.000
0.000
0.001
0.000
0.001
0.000
0.001
0.001
0.001
0.001
0.000
0.000
0.001
0.001
0.001
0.000
0.001
0.000
0.000
0.000
0.001
0.000
0.001
0.000
0.001
0.000
0.000
0.001
0.000
0.001
0.001
0.000
0.001
0.001
0.001
0.001
0.001
0.000
0.001
0.001
0.001
0.001
0.000
0.000
0.001
0.000
0.001
0.001
0.000
0.001
0.001
0.001
0.000
0.001
0.000
0.001
0.000
0.001
0.001
0.001
0.001
0.000
0.001
0.002
0.000
0.002
0.000
0.001
0.000
0.001
0.000
0.001
0.000
0.000
0.001
0.001
0.000
0.001
0.001
0.000
0.001
0.001
0.002
0.002
0.001
0.000
0.002
0.000
0.000
0.001
0.001
0.002
0.001
0.002
0.001
0.002
0.000
0.001
0.002
0.002
0.002
0.001
0.001
0.002
0.002
0.002
0.001
0.002
0.002
0.001
0.001
0.000
0.001
0.002
0.002
0.001
0.002
0.001
0.001
0.001
0.002
0.002
0.000
0.001
0.002
0.002
0.001
0.002
0.002
0.001
0.001
0.001
0.001
0.001
0.002
0.001
0.002
0.001
0.002
0.001
0.001
0.001
0.002
0.001
0.001
0.001
0.002
0.002
0.002
0.001
0.001
0.001
0.001
0.001
0.001
0.001
0.002
0.001
0.002
0.001
0.002
0.002
0.001
0.002
0.001
0.002
0.001
0.001
0.001
0.002
0.001
0.002
0.001
0.003
0.001
0.002
0.002
0.003
0.001
0.002
0.001
0.002
0.002
0.002
0.002
0.002
0.002
0.001
0.003
0.003
0.003
0.002
0.003
0.003
0.002
0.002
0.002
0.002
0.002
0.003
0.001
0.001
0.002
0.002
0.002
0.002
0.002
0.002
0.003
0.003
0.002
0.002
0.002
0.003
0.002
0.003
0.002
0.002
0.002
0.002
0.002
0.003
0.002
0.002
0.002
0.002
0.003
0.003
0.002
0.003
0.002
0.003
0.003
0.003
0.003
0.003
0.003
0.004
0.004
0.004
0.002
0.004
0.004
0.004
0.004
0.002
0.004
0.003
0.003
0.004
0.004
0.004
0.003
0.004
0.004
0.003
0.003
0.004
0.004
0.004
0.003
0.003
0.003
0.003
0.002
0.003
0.003
0.003
0.003
0.004
0.004
0.003
0.003
0.004
0.004
0.003
0.003
0.004
0.003
0.003
0.004
0.004
0.004
0.004
0.004
0.005
0.003
0.004
0.005
0.004
0.004
0.003
0.005
0.004
0.004
0.004
0.004
0.004
0.004
0.005
0.004
0.004
0.004
0.005
0.004
0.005
0.004
0.005
0.004
0.005
0.005
0.004
0.003
0.005
0.005
0.005
0.004
0.004
0.005
0.004
0.004
0.005
0.004
0.004
0.005
0.004
0.003
0.004
0.005
0.004
0.004
0.005
0.005
0.004
0.006
0.006
0.005
0.005
0.006
0.005
0.006
0.005
0.005
0.006
0.006
0.006
0.006
0.006
0.005
0.006
0.005
0.005
0.005
0.005
0.004
0.006
0.006
0.005
0.006
0.005
0.006
0.005
0.006
0.006
0.007
0.006
0.006
0.006
0.007
0.006
0.007
0.006
0.006
0.006
0.007
0.006
0.006
0.006
0.007
0.006
0.006
0.006
0.006
0.006
0.006
0.006
0.006
0.006
0.006
0.006
0.006
0.006
0.005
0.006
0.006
0.006
0.007
0.006
0.006
0.007
0.008
0.007
0.008
0.007
0.008
0.007
0.007
0.008
0.007
0.007
0.008
0.007
0.008
0.008
0.007
0.008
0.008
0.007
0.007
0.007
0.008
0.008
0.008
0.007
0.008
0.007
0.007
0.007
0.007
0.007
0.008
0.008
0.008
0.008
0.008
0.009
0.008
0.008
0.008
0.009
0.009
0.008
0.007
0.008
0.009
0.008
0.009
0.008
0.009
0.009
0.009
0.009
0.008
0.008
0.008
0.008
0.008
0.008
0.008
0.010
0.009
0.010
0.009
0.009
0.009
0.009
0.010
0.010
0.009
0.010
0.009
0.009
0.010
0.009
0.009
0.009
0.010
0.009
0.010
0.009
0.009
0.009
0.009
0.009
0.009
0.009
0.010
0.009
0.010
0.011
0.010
0.010
0.010
0.010
0.010
0.010
0.010
0.011
0.010
0.011
0.009
0.010
0.011
0.010
0.011
0.010
0.011
0.011
0.010
0.011
0.010
0.010
0.011
0.010
0.011
0.011
0.012
0.011
0.011
0.011
0.011
0.012
0.011
0.012
0.011
0.012
0.012
0.012
0.012
0.012
0.012
0.010
0.010
0.011
0.011
0.011
0.011
0.013
0.013
0.012
0.011
0.013
0.013
0.012
0.012
0.013
0.011
0.013
0.012
0.013
0.011
0.012
0.013
0.013
0.013
0.011
0.012
0.013
0.013
0.013
0.013
0.012
0.012
0.013
0.013
0.013
0.013
0.014
0.013
0.013
0.013
0.013
0.012
0.012
0.013
0.013
0.013
0.013
0.013
0.014
0.013
0.013
0.014
0.015
0.015
0.014
0.015
0.014
0.014
0.015
0.015
0.015
0.014
0.014
0.014
0.015
0.013
0.015
0.015
0.014
0.015
0.015
0.014
0.014
0.015
0.015
0.015
0.016
0.013
0.015
0.015
0.015
0.015
0.015
0.015
0.014
0.015
0.016
0.015
0.016
0.015
0.015
0.016
0.015
0.017
0.016
0.016
0.016
0.016
0.016
0.017
0.016
0.017
0.016
0.017
0.017
0.016
0.015
0.015
0.016
0.017
0.016
0.016
0.016
0.018
0.016
0.017
0.017
0.017
0.018
0.018
0.016
0.017
0.018
0.016
0.017
0.017
0.017
0.018
0.017
0.016
0.018
0.018
0.017
0.018
0.018
0.017
0.017
0.017
0.017
0.018
0.018
0.019
0.019
0.017
0.018
0.019
0.018
0.019
0.018
0.019
0.018
0.019
0.019
0.017
0.018
0.017
0.018
0.018
0.020
0.019
0.019
0.019
0.019
0.020
0.019
0.021
0.019
0.020
0.020
0.020
0.019
0.019
0.019
0.020
0.019
0.019
0.020
0.020
0.020
0.020
0.019
0.020
0.021
0.021
0.020
0.021
0.019
0.020
0.021
0.021
0.021
0.020
0.020
0.020
0.020
0.021
0.019
0.020
0.021
0.021
0.021
0.021
0.021
0.021
0.021
0.021
0.021
0.023
0.021
0.021
0.021
0.021
0.021
0.021
0.021
0.020
0.023
0.023
0.023
0.023
0.023
0.021
0.022
0.023
0.022
0.022
0.023
0.023
0.022
0.023
0.022
0.023
0.023
0.024
0.023
0.023
0.023
0.022
0.024
0.024
0.022
0.024
0.023
0.024
0.025
0.025
0.024
0.025
0.024
0.024
0.027
0.024
0.024
0.024
0.025
0.025
0.024
0.024
0.025
0.023
0.024
0.024
0.024
0.026
0.024
0.024
0.024
0.025
0.025
0.023
0.026
0.025
0.025
0.024
0.026
0.026
0.025
0.024
0.027
0.026
0.028
0.026
0.025
0.026
0.027
0.025
0.026
0.026
0.024
0.026
0.026
0.025
0.026
0.027
0.026
0.027
0.026
0.025
0.027
0.026
0.027
0.027
0.027
0.028
0.028
0.027
0.026
0.028
0.028
0.027
0.027
0.027
0.028
0.028
0.028
0.028
0.028
0.028
0.027
0.028
0.028
0.029
0.029
0.028
0.028
0.028
0.028
0.029
0.030
0.028
0.029
0.029
0.029
0.028
0.029
0.029
0.029
0.029
0.029
0.030
0.029
0.029
0.030
0.030
0.030
0.030
0.031
0.030
0.031
0.030
0.031
0.030
0.029
0.031
0.030
0.030
0.030
0.031
0.032
0.030
0.031
0.031
0.030
0.030
0.031
0.031
0.029
0.032
0.031
0.032
0.032
0.032
0.031
0.032
0.032
0.032
0.032
0.031
0.033
0.033
0.032
0.033
0.033
0.032
0.033
0.032
0.032
0.032
0.032
0.033
0.032
0.032
0.034
0.033
0.032
0.033
0.033
0.034
0.034
0.035
0.033
0.034
0.034
0.032
0.034
0.033
0.033
0.035
0.035
0.035
0.034
0.034
0.034
0.035
0.033
0.035
0.034
0.033
0.036
0.034
0.037
0.034
0.035
0.035
0.036
0.034
0.036
0.036
0.037
0.036
0.036
0.036
0.035
0.035
0.037
0.035
0.036
0.036
0.037
0.037
0.037
0.037
0.035
0.036
0.035
0.036
0.037
0.038
0.037
0.036
0.037
0.037
0.038
0.038
0.037
0.038
0.037
0.037
0.038
0.038
0.036
0.038
0.038
0.039
0.039
0.037
0.037
0.038
0.038
0.039
0.038
0.038
0.040
0.039
0.039
0.039
0.038
0.039
0.040
0.040
0.038
0.040
0.038
0.038
0.039
0.039
0.040
0.039
0.039
0.039
0.040
0.040
0.040
0.041
0.041
0.040
0.041
0.040
0.042
0.040
0.041
0.041
0.038
0.039
0.040
0.041
0.041
0.041
0.042
0.040
0.042
0.043
0.042
0.040
0.042
0.042
0.042
0.042
0.043
0.042
0.042
0.043
0.043
0.042
0.044
0.042
0.042
0.043
0.043
0.044
0.044
0.043
0.043
0.043
0.044
0.044
0.042
0.042
0.043
0.043
0.043
0.044
0.044
0.045
0.045
0.045
0.044
0.042
0.045
0.045
0.045
0.044
0.046
0.045
0.045
0.044
0.046
0.045
0.046
0.045
0.044
0.045
0.046
0.046
0.044
0.044
0.047
0.047
0.045
0.046
0.046
0.046
0.047
0.047
0.045
0.046
0.047
0.047
0.045
0.047
0.048
0.048
0.047
0.046
0.048
0.048
0.047
0.047
0.048
0.047
0.048
0.048
0.049
0.048
0.048
0.048
0.048
0.049
0.049
0.049
0.048
0.049
0.047
0.049
0.051
0.050
0.049
0.049
0.049
0.050
0.049
0.049
0.049
0.048
0.049
0.051
0.052
0.050
0.050
0.050
0.051
0.049
0.049
0.051
0.051
0.051
0.051
0.050
0.050
0.052
0.050
0.051
0.051
0.052
0.052
0.052
0.051
0.052
0.051
0.053
0.052
0.052
0.053
0.053
0.053
0.053
0.052
0.052
0.052
0.052
0.052
0.054
0.054
0.053
0.052
0.054
0.054
0.054
0.053
0.053
0.055
0.052
0.053
0.054
0.054
0.055
0.055
0.054
0.055
0.054
0.055
0.054
0.055
0.055
0.055
0.056
0.056
0.056
0.056
0.056
0.056
0.056
0.056
0.056
0.055
0.056
0.057
0.057
0.057
0.057
0.057
0.057
0.056
0.057
0.056
0.057
0.058
0.056
0.057
0.057
0.057
0.057
0.057
0.058
0.058
0.058
0.056
0.058
0.057
0.058
0.057
0.058
0.059
0.058
0.059
0.059
0.058
0.058
0.058
0.059
0.062
0.058
0.059
0.060
0.058
0.062
0.060
0.059
0.060
0.059
0.060
0.060
0.060
0.060
0.061
0.061
0.060
0.060
0.061
0.061
0.061
0.061
0.062
0.061
0.061
0.061
0.061
0.062
0.062
0.066
0.064
0.063
0.063
0.061
0.062
0.063
0.064
0.064
0.064
0.062
0.063
0.063
0.064
0.062
0.064
0.062
0.063
0.064
0.063
0.064
0.064
0.065
0.063
0.066
0.063
0.064
0.066
0.065
0.064
0.065
0.066
0.065
0.065
0.065
0.065
0.066
0.065
0.067
0.066
0.065
0.067
0.066
0.068
0.065
0.067
0.069
0.067
0.065
0.066
0.067
0.067
0.066
0.066
0.066
0.068
0.067
0.066
0.067
0.068
0.068
0.067
0.068
0.068
0.068
0.068
0.067
0.069
0.067
0.069
0.068
0.069
0.069
0.069
0.069
0.069
0.068
0.069
0.070
0.070
0.069
0.070
0.069
0.070
0.070
0.070
0.070
0.070
0.071
0.069
0.070
0.069
0.072
0.071
0.070
0.071
0.071
0.071
0.071
0.072
0.072
0.072
0.072
0.072
0.072
0.073
0.071
0.073
0.073
0.072
0.073
0.071
0.073
0.073
0.076
0.073
0.073
0.073
0.073
0.074
0.075
0.074
0.074
0.074
0.074
0.074
0.077
0.075
0.075
0.074
0.074
0.074
0.075
0.075
0.075
0.075
0.075
0.076
0.075
0.074
0.075
0.076
0.076
0.075
0.077
0.077
0.077
0.077
0.076
0.077
0.077
0.078
0.079
0.077
0.076
0.078
0.078
0.077
0.079
0.077
0.077
0.079
0.078
0.078
0.081
0.079
0.079
0.078
0.077
0.077
0.079
0.080
0.079
0.077
0.079
0.079
0.080
0.080
0.082
0.077
0.080
0.080
0.079
0.079
0.079
0.081
0.080
0.083
0.081
0.081
0.081
0.082
0.080
0.083
0.082
0.083
0.082
0.080
0.082
0.083
0.083
0.083
0.082
0.081
0.082
0.084
0.082
0.083
0.083
0.083
0.083
0.086
0.083
0.085
0.085
0.084
0.084
0.085
0.085
0.085
0.084
0.085
0.085
0.085
0.084
0.086
0.084
0.084
0.085
0.085
0.085
0.086
0.085
0.091
0.088
0.086
0.087
0.087
0.086
0.086
0.087
0.087
0.087
0.087
0.087
0.089
0.088
0.088
0.087
0.089
0.089
0.089
0.088
0.090
0.088
0.090
0.089
0.089
0.090
0.089
0.089
0.093
0.089
0.091
0.087
0.090
0.091
0.090
0.090
0.090
0.089
0.090
0.089
0.090
0.089
0.092
0.092
0.090
0.090
0.091
0.091
0.092
0.093
0.091
0.091
0.090
0.092
0.092
0.092
0.092
0.094
0.093
0.093
0.093
0.093
0.093
0.092
0.093
0.093
0.093
0.094
0.093
0.095
0.094
0.095
0.096
0.093
0.094
0.095
0.096
0.095
0.096
0.096
0.095
0.148
0.095
0.096
0.097
0.097
0.095
0.097
0.097
0.097
0.098
0.098
0.101
0.100
0.100
0.099
0.099
0.100
0.099
0.099
0.101
0.099
0.101
0.100
0.101
0.098
0.099
0.098
0.100
0.100
0.098
0.099
0.101
0.099
0.100
0.100
0.100
0.100
0.099
0.102
0.100
0.100
0.100
0.101
0.100
0.101
0.100
0.100
0.100
0.101
0.101
0.101
0.101
0.103
0.103
0.100
0.102
0.102
0.102
0.101
0.103
0.101
0.104
0.102
0.101
0.103
0.103
0.104
0.105
0.103
0.104
0.104
0.104
0.104
0.104
0.104
0.105
0.104
0.104
0.103
0.105
0.105
0.105
0.105
0.105
0.104
0.105
0.106
0.106
0.104
0.106
0.106
0.104
0.107
0.107
0.107
0.106
0.108
0.107
0.107
0.107
0.108
0.107
0.108
0.108
0.109
0.108
0.109
0.108
0.108
0.109
0.109
0.110
0.110
0.109
0.110
0.108
0.110
0.109
0.110
0.110
0.112
0.110
0.110
0.110
0.111
0.110
0.111
0.111
0.110
0.110
0.111
0.112
0.112
0.110
0.111
0.111
0.112
0.111
0.111
0.112
0.112
0.112
0.113
0.111
0.112
0.113
0.114
0.112
0.113
0.112
0.114
0.115
0.112
0.112
0.114
0.114
0.115
0.116
0.116
0.114
0.117
0.116
0.116
0.119
0.115
0.116
0.116
0.115
0.117
0.118
0.116
0.118
0.116
0.118
0.117
0.117
0.119
0.117
0.118
0.116
0.119
0.117
0.118
0.117
0.119
0.118
0.118
0.119
0.119
0.119
0.120
0.117
0.120
0.119
0.120
0.120
0.120
0.120
0.119
0.120
0.121
0.122
0.120
0.123
0.122
0.120
0.122
0.121
0.123
0.121
0.121
0.119
0.122
0.122
0.124
0.122
0.122
0.123
0.122
0.122
0.123
0.122
0.123
0.124
0.124
0.123
0.123
0.124
0.124
0.123
0.124
0.124
0.123
0.130
0.125
0.124
0.126
0.125
0.125
0.125
0.125
0.126
0.125
0.126
0.125
0.126
0.127
0.126
0.129
0.127
0.127
0.129
0.127
0.126
0.127
0.129
0.128
0.128
0.128
0.132
0.128
0.130
0.142
0.129
0.130
0.130
0.129
0.129
0.130
0.130
0.130
0.131
0.130
0.131
0.132
0.130
0.131
0.131
0.131
0.131
0.133
0.132
0.133
0.131
0.132
0.133
0.132
0.133
0.133
0.131
0.132
0.133
0.134
0.135
0.133
0.133
0.135
0.134
0.138
0.131
0.135
0.133
0.134
0.135
0.136
0.136
0.136
0.135
0.135
0.134
0.137
0.137
0.136
0.135
0.138
0.140
0.136
0.138
0.137
0.139
0.137
0.136
0.138
0.137
0.138
0.138
0.137
0.139
0.139
0.139
0.138
0.138
0.138
0.138
0.139
0.140
0.139
0.139
0.139
0.141
0.137
0.141
0.141
0.141
0.141
0.141
0.142
0.142
0.140
0.143
0.140
0.143
0.141
0.141
0.141
0.143
0.144
0.143
0.142
0.142
0.142
0.144
0.142
0.144
0.146
0.144
0.144
0.143
0.143
0.144
0.143
0.145
0.143
0.144
0.144
0.146
0.146
0.145
0.145
0.145
0.146
0.146
0.146
0.147
0.147
0.148
0.148
0.147
0.147
0.146
0.147
0.148
0.147
0.147
0.148
0.148
0.148
0.147
0.148
0.147
0.148
0.148
0.148
0.150
0.148
0.149
0.148
0.148
0.149
0.150
0.150
0.152
0.151
0.150
0.150
0.152
0.157
0.152
0.152
0.152
0.152
0.152
0.153
0.151
0.152
0.153
0.152
0.151
0.153
0.152
0.153
0.157
0.151
0.153
0.153
0.153
0.152
0.155
0.153
0.154
0.155
0.156
0.154
0.154
0.156
0.156
0.154
0.155
0.154
0.158
0.155
0.157
0.154
0.156
0.157
0.157
0.156
0.155
0.158
0.158
0.158
0.157
0.158
0.159
0.158
0.158
0.159
0.159
0.162
0.164
0.163
0.163
0.163
0.163
0.166
0.165
0.165
0.164
0.163
0.162
0.160
0.161
0.160
0.162
0.161
0.161
0.161
0.161
0.161
0.161
0.164
0.162
0.162
0.162
0.162
0.165
0.163
0.162
0.162
0.164
0.163
0.165
0.164
0.166
0.163
0.165
0.163
0.164
0.166
0.164
0.166
0.165
0.165
0.165
0.165
0.168
0.165
0.167
0.165
0.169
0.166
0.165
0.167
0.167
0.168
0.168
0.166
0.169
0.167
0.168
0.167
0.170
0.168
0.169
0.170
0.171
0.169
0.170
0.169
0.169
0.169
0.169
0.172
0.170
0.172
0.173
0.172
0.170
0.171
0.170
0.172
0.172
0.172
0.171
0.172
0.173
0.173
0.173
0.173
0.173
0.174
0.174
0.173
0.176
0.171
0.172
0.174
0.175
0.175
0.174
0.173
0.175
0.176
0.175
0.173
0.175
0.176
0.176
0.176
0.175
0.176
0.176
0.180
0.176
0.179
0.177
0.178
0.176
0.179
0.178
0.177
0.179
0.179
0.179
0.177
0.180
0.180
0.179
0.178
0.179
0.180
0.180
0.181
0.180
0.181
0.184
0.180
0.182
0.180
0.180
0.181
0.185
0.181
0.182
0.182
0.184
0.184
0.188
0.187
0.184
0.182
0.185
0.184
0.184
0.184
0.185
0.183
0.188
0.188
0.186
0.185
0.190
0.186
0.189
0.193
0.189
0.193
0.189
0.188
0.185
0.191
0.188
0.189
0.188
0.192
0.187
0.188
0.196
0.194
0.192
0.188
0.189
0.189
0.190
0.193
0.194
0.195
0.188
0.189
0.191
0.192
0.189
0.193
0.189
0.192
0.191
0.194
0.193
0.195
0.194
0.193
0.192
0.194
0.197
0.197
0.197
0.192
0.193
0.191
0.194
0.210
0.201
0.194
0.193
0.193
0.198
0.194
0.196
0.200
0.196
0.194
0.194
0.195
0.195
0.198
0.196
0.198
0.198
0.198
0.199
0.199
0.200
0.199
0.197
0.198
0.198
0.199
0.196
0.198
0.199
0.199
0.198
0.196
0.198
0.198
0.199
0.201
0.201
0.198
0.199
0.197
0.206
0.199
0.200
0.203
0.201
0.199
0.200
0.199
0.203
0.201
0.201
0.200
0.200
0.201
0.204
0.204
0.204
0.203
0.205
0.202
0.203
0.205
0.207
0.204
0.204
0.205
0.204
0.204
0.205
0.205
0.204
0.207
0.205
0.206
0.206
0.207
0.207
0.207
0.206
0.208
0.207
0.207
0.210
0.209
0.209
0.208
0.210
0.209
0.208
0.208
0.208
0.207
0.208
0.209
0.208
0.208
0.211
0.212
0.211
0.211
0.211
0.211
0.213
0.213
0.213
0.210
0.213
0.213
0.211
0.212
0.215
0.213
0.214
0.214
0.214
0.214
0.214
0.212
0.214
0.213
0.220
0.216
0.215
0.215
0.216
0.213
0.214
0.216
0.214
0.221
0.217
0.216
0.220
0.217
0.217
0.215
0.216
0.216
0.217
0.218
0.216
0.219
0.216
0.218
0.216
0.217
0.220
0.219
0.218
0.218
0.218
0.220
0.220
0.222
0.219
0.221
0.221
0.221
0.220
0.221
0.222
0.222
0.220
0.220
0.222
0.223
0.224
0.221
0.222
0.222
0.222
0.222
0.224
0.223
0.230
0.222
0.223
0.225
0.223
0.225
0.224
0.227
0.225
0.224
0.228
0.225
0.226
0.225
0.225
0.224
0.225
0.226
0.228
0.228
0.228
0.228
0.228
0.230
0.227
0.229
0.227
0.228
0.228
0.228
0.228
0.228
0.229
0.230
0.229
0.235
0.231
0.229
0.229
0.230
0.229
0.228
0.233
0.232
0.232
0.234
0.232
0.231
0.232
0.233
0.233
0.234
0.233
0.233
0.234
0.232
0.232
0.233
0.235
0.235
0.234
0.242
0.235
0.235
0.234
0.234
0.233
0.238
0.236
0.236
0.240
0.236
0.237
0.236
0.236
0.238
0.239
0.239
0.237
0.239
0.238
0.238
0.238
0.239
0.239
0.240
0.245
0.239
0.240
0.239
0.241
0.239
0.240
0.241
0.242
0.244
0.242
0.242
0.243
0.242
0.243
0.242
0.243
0.244
0.242
0.243
0.244
0.242
0.247
0.245
0.245
0.244
0.245
0.249
0.249
0.243
0.245
0.244
0.245
0.246
0.247
0.246
0.246
0.246
0.249
0.248
0.246
0.250
0.247
0.250
0.254
0.252
0.253
0.250
0.248
0.248
0.250
0.249
0.248
0.249
0.250
0.253
0.252
0.250
0.252
0.251
0.251
0.251
0.251
0.250
0.254
0.250
0.252
0.252
0.252
0.254
0.255
0.253
0.253
0.254
0.253
0.255
0.253
0.254
0.256
0.256
0.255
0.257
0.254
0.254
0.258
0.254
0.259
0.263
0.276
0.286
0.287
0.282
0.265
0.268
0.272
0.270
0.271
0.273
0.272
0.273
0.263
0.268
0.273
0.294
0.274
0.274
0.275
0.270
0.265
0.268
0.268
0.268
0.269
0.268
0.292
0.275
0.274
0.271
0.273
0.264
0.264
0.264
0.275
0.270
0.276
0.287
0.282
0.292
0.285
0.283
0.282
0.280
0.272
0.271
0.266
0.268
0.273
0.273
0.274
0.271
0.272
0.271
0.271
0.278
0.276
0.275
0.275
0.274
0.276
0.274
0.276
0.279
0.276
0.275
0.280
0.294
0.279
0.281
0.280
0.283
0.282
0.284
0.270
0.271
0.271
0.276
0.280
0.276
0.279
0.277
0.276
0.280
0.282
0.279
0.279
0.278
0.287
0.279
0.284
0.279
0.281
0.281
0.280
0.282
0.280
0.288
0.283
0.281
0.280
0.282
0.281
0.280
0.282
0.280
0.283
0.281
0.283
0.287
0.283
0.287
0.283
0.289
0.283
0.285
0.284
0.284
0.286
0.285
0.293
0.289
0.285
0.289
0.288
0.285
0.287
0.289
0.286
0.288
0.287
0.292
0.293
0.294
0.292
0.294
0.294
0.307
0.298
0.298
0.298
0.296
0.296
0.299
0.284
0.286
0.287
0.291
0.291
0.302
0.286
0.289
0.294
0.293
0.292
0.298
0.299
0.305
0.299
0.305
0.310
0.363
0.297
0.297
0.297
0.320
0.311
0.295
0.293
0.292
0.298
0.302
0.296
0.296
0.297
0.300
0.295
0.298
0.299
0.304
0.299
0.299
0.303
0.297
0.302
0.302
0.300
0.302
0.307
0.306
0.302
0.307
0.337
0.304
0.308
0.309
0.306
0.307
0.313
0.308
0.307
0.311
0.310
0.323
0.309
0.318
0.319
0.419
0.321
0.320
0.320
0.318
0.312
0.310
0.312
0.314
0.326
0.320
0.312
0.313
0.316
0.315
0.316
0.316
0.317
0.314
0.312
0.316
0.316
0.320
0.319
0.320
0.319
0.317
0.316
0.323
0.318
0.316
0.318
0.317
0.318
0.319
0.317
0.317
0.319
0.319
0.317
0.319
0.319
0.318
0.319
0.324
0.322
0.323
0.325
0.323
0.318
0.321
0.318
0.309
0.310
0.310
0.308
0.309
0.308
0.316
0.312
0.310
0.310
0.311
0.310
0.312
0.312
0.313
0.311
0.317
0.312
0.313
0.312
0.313
0.312
0.313
0.315
0.313
0.313
0.315
0.315
0.314
0.312
0.315
0.316
0.317
0.318
0.315
0.318
0.324
0.316
0.317
0.319
0.319
0.316
0.316
0.319
0.318
0.326
0.322
0.319
0.318
0.320
0.326
0.322
0.319
0.325
0.327
0.318
0.321
0.322
0.328
0.324
0.323
0.321
0.325
0.324
0.324
0.324
0.324
0.323
0.324
0.324
0.327
0.323
0.324
0.324
0.327
0.324
0.324
0.326
0.327
0.326
0.327
0.328
0.327
0.327
0.328
0.327
0.332
0.331
0.332
0.329
0.329
0.333
0.329
0.329
0.332
0.330
0.329
0.330
0.331
0.331
0.329
0.330
0.331
0.336
0.332
0.331
0.332
0.335
0.332
0.332
0.334
0.332
0.335
0.337
0.334
0.333
0.334
0.337
0.334
0.334
0.336
0.334
0.340
0.337
0.339
0.339
0.341
0.338
0.342
0.337
0.336
0.337
0.347
0.341
0.346
0.344
0.352
0.340
0.349
0.346
0.344
0.339
0.342
0.341
0.346
0.346
0.343
0.340
0.344
0.342
0.343
0.340
0.343
0.344
0.344
0.342
0.347
0.348
0.343
0.344
0.345
0.342
0.346
0.344
0.351
0.346
0.347
0.347
0.347
0.346
0.344
0.351
0.350
0.347
0.346
0.349
0.350
0.347
0.348
0.350
0.348
0.349
0.350
0.351
0.348
0.351
0.352
0.352
0.352
0.352
0.351
0.351
0.354
0.352
0.350
0.350
0.352
0.358
0.351
0.356
0.352
0.355
0.354
0.356
0.357
0.354
0.356
0.359
0.354
0.356
0.355
0.356
0.353
0.356
0.358
0.357
0.355
0.357
0.358
0.357
0.361
0.360
0.357
0.357
0.358
0.358
0.366
0.363
0.361
0.363
0.358
0.361
0.362
0.361
0.365
0.362
0.363
0.364
0.360
0.363
0.361
0.364
0.362
0.363
0.364
0.362
0.366
0.363
0.362
0.363
0.363
0.362
0.368
0.361
0.367
0.365
0.369
0.368
0.367
0.367
0.368
0.368
0.370
0.373
0.368
0.371
0.368
0.367
0.370
0.369
0.370
0.368
0.369
0.373
0.370
0.370
0.372
0.371
0.373
0.370
0.372
0.373
0.378
0.372
0.373
0.373
0.374
0.375
0.374
0.374
0.376
0.375
0.374
0.376
0.378
0.377
0.374
0.377
0.378
0.375
0.377
0.379
0.380
0.379
0.379
0.379
0.379
0.377
0.384
0.380
0.381
0.381
0.380
0.380
0.380
0.378
0.381
0.380
0.380
0.381
0.382
0.382
0.381
0.381
0.387
0.382
0.382
0.383
0.384
0.389
0.383
0.383
0.383
0.389
0.388
0.386
0.382
0.385
0.386
0.386
0.388
0.389
0.394
0.395
0.389
0.387
0.388
0.390
0.391
0.391
0.392
0.386
0.389
0.387
0.394
0.390
0.403
0.395
0.396
0.394
0.397
0.392
0.397
0.391
0.392
0.393
0.393
0.397
0.395
0.394
0.395
0.396
0.395
0.393
0.398
0.396
0.396
0.400
0.400
0.395
0.394
0.398
0.395
0.397
0.402
0.400
0.397
0.395
0.396
0.397
0.401
0.400
0.399
0.399
0.400
0.400
0.398
0.403
0.399
0.402
0.409
0.406
0.402
0.403
0.402
0.403
0.402
0.406
0.405
0.406
0.403
0.411
0.402
0.403
0.406
0.407
0.405
0.403
0.404
0.403
0.408
0.406
0.414
0.406
0.408
0.406
0.419
0.406
0.407
0.416
0.412
0.407
0.407
0.408
0.414
0.407
0.410
0.408
0.412
0.411
0.411
0.414
0.409
0.410
0.411
0.416
0.411
0.411
0.412
0.415
0.413
0.417
0.414
0.417
0.417
0.419
0.415
0.415
0.419
0.415
0.420
0.421
0.416
0.416
0.419
0.417
0.418
0.419
0.422
0.428
0.419
0.421
0.420
0.421
0.421
0.422
0.426
0.429
0.420
0.419
0.418
0.421
0.421
0.422
0.421
0.419
0.420
0.423
0.425
0.431
0.421
0.424
0.444
0.430
0.425
0.434
0.428
0.424
0.429
0.425
0.427
0.432
0.431
0.428
0.428
0.428
0.428
0.425
0.426
0.427
0.425
0.428
0.425
0.429
0.428
0.439
0.432
0.428
0.430
0.432
0.432
0.427
0.429
0.433
0.434
0.433
0.438
0.434
0.432
0.435
0.432
0.438
0.432
0.435
0.438
0.435
0.434
0.434
0.438
0.434
0.437
0.437
0.438
0.440
0.448
0.436
0.435
0.438
0.436
0.440
0.442
0.439
0.444
0.438
0.438
0.440
0.439
0.441
0.443
0.439
0.444
0.443
0.439
0.445
0.442
0.441
0.443
0.441
0.442
0.446
0.444
0.443
0.446
0.442
0.445
0.449
0.444
0.444
0.445
0.447
0.445
0.454
0.450
0.454
0.453
0.452
0.449
0.449
0.449
0.451
0.447
0.449
0.453
0.449
0.448
0.450
0.452
0.452
0.451
0.450
0.448
0.454
0.450
0.448
0.450
0.462
0.452
0.450
0.457
0.455
0.456
0.453
0.453
0.454
0.455
0.455
0.453
0.456
0.453
0.460
0.461
0.454
0.458
0.469
0.458
0.455
0.457
0.457
0.460
0.457
0.461
0.465
0.459
0.457
0.459
0.460
0.462
0.460
0.460
0.459
0.467
0.466
0.464
0.460
0.464
0.461
0.467
0.459
0.464
0.464
0.465
0.462
0.467
0.463
0.469
0.464
0.474
0.471
0.477
0.474
0.468
0.467
0.475
0.467
0.466
0.468
0.468
0.474
0.468
0.473
0.471
0.475
0.471
0.476
0.468
0.470
0.477
0.471
0.470
0.471
0.472
0.471
0.474
0.475
0.476
0.470
0.472
0.475
0.473
0.471
0.472
0.473
0.475
0.475
0.473
0.477
0.476
0.475
0.473
0.478
0.482
0.478
0.479
0.477
0.480
0.479
0.485
0.483
0.480
0.480
0.479
0.482
0.479
0.490
0.485
0.480
0.487
0.490
0.482
0.484
0.482
0.487
0.486
0.482
0.485
0.483
0.486
0.482
0.486
0.486
0.491
0.487
0.486
0.491
0.488
0.483
0.485
0.486
0.491
0.490
0.489
0.491
0.502
0.489
0.489
0.487
0.491
0.487
0.492
0.491
0.492
0.495
0.489
0.497
0.492
0.491
0.496
0.495
0.504
0.501
0.493
0.501
0.501
0.501
0.499
0.500
0.503
0.496
0.500
0.501
0.506
0.500
0.493
0.501
0.503
0.502
0.497
0.496
0.499
0.496
0.495
0.498
0.504
0.505
0.498
0.509
0.504
0.501
0.511
0.500
0.501
0.499
0.504
0.500
0.503
0.505
0.504
0.509
0.506
0.501
0.504
0.509
0.504
0.510
0.504
0.506
0.513
0.506
0.505
0.506
0.510
0.509
0.509
0.505
0.508
0.507
0.506
0.509
0.509
0.508
0.517
0.510
0.510
0.518
0.512
0.514
0.513
0.513
0.518
0.515
0.513
0.511
0.513
0.513
0.517
0.512
0.519
0.532
0.535
0.521
0.517
0.515
0.516
0.516
0.517
0.521
0.523
0.515
0.515
0.515
0.520
0.519
0.517
0.525
0.518
0.519
0.521
0.522
0.520
0.516
0.519
0.521
0.524
0.518
0.527
0.526
0.530
0.523
0.522
0.524
0.525
0.531
0.522
0.525
0.522
0.527
0.531
0.522
0.529
0.527
0.525
0.522
0.522
0.526
0.531
0.525
0.528
0.527
0.527
0.526
0.528
0.532
0.526
0.527
0.528
0.530
0.530
0.533
0.532
0.535
0.530
0.532
0.532
0.540
0.536
0.531
0.540
0.533
0.544
0.539
0.533
0.536
0.533
0.532
0.536
0.537
0.534
0.544
0.537
0.535
0.542
0.536
0.543
0.540
0.537
0.546
0.541
0.543
0.537
0.540
0.545
0.538
0.542
0.539
0.541
0.548
0.546
0.541
0.544
0.542
0.546
0.551
0.550
0.542
0.542
0.546
0.544
0.555
0.545
0.546
0.545
0.546
0.545
0.556
0.551
0.545
0.548
0.548
0.550
0.553
0.551
0.552
0.555
0.550
0.547
0.551
0.549
0.551
0.558
0.551
0.557
0.548
0.553
0.549
0.550
0.551
0.557
0.550
0.553
0.554
0.555
0.554
0.553
0.557
0.557
0.557
0.565
0.557
0.567
0.557
0.558
0.559
0.554
0.559
0.571
0.558
0.559
0.570
0.561
0.558
0.564
0.566
0.569
0.564
0.567
0.569
0.578
0.575
0.569
0.559
0.563
0.561
0.564
0.563
0.565
0.569
0.567
0.564
0.564
0.566
0.563
0.565
0.569
0.570
0.566
0.574
0.567
0.574
0.568
0.568
0.567
0.565
0.572
0.574
0.568
0.568
0.574
0.571
0.566
0.575
0.575
0.572
0.569
0.572
0.573
0.571
0.576
0.576
0.577
0.574
0.578
0.576
0.575
0.581
0.577
0.576
0.589
0.579
0.578
0.586
0.576
0.585
0.575
0.581
0.578
0.585
0.578
0.580
0.585
0.580
0.587
0.588
0.591
0.590
0.582
0.588
0.578
0.587
0.582
0.586
0.588
0.585
0.589
0.585
0.590
0.591
0.589
0.585
0.586
0.586
0.586
0.594
0.590
0.593
0.586
0.587
0.591
0.603
0.588
0.593
0.590
0.590
0.589
0.606
0.591
0.599
0.587
0.587
0.603
0.600
0.591
0.592
0.599
0.603
0.592
0.597
0.599
0.596
0.597
0.595
0.596
0.596
0.596
0.598
0.595
0.602
0.611
0.602
0.597
0.598
0.596
0.620
0.635
0.625
0.627
0.620
0.616
0.626
0.680
0.678
0.624
0.618
0.616
0.612
0.614
0.617
0.617
0.617
0.616
0.617
0.619
0.616
0.622
0.659
0.660
0.660
0.631
0.618
0.620
0.620
0.618
0.623
0.624
0.633
0.623
0.624
0.634
0.631
0.634
0.623
0.617
0.623
0.623
0.634
0.627
0.624
0.623
0.622
0.624
0.625
0.624
0.632
0.638
0.629
0.627
0.629
0.625
0.625
0.630
0.629
0.633
0.631
0.634
0.631
0.639
0.672
0.641
0.644
0.652
0.646
0.646
0.621
0.629
0.645
0.645
0.633
0.638
0.635
0.677
0.684
0.674
0.645
0.634
0.641
0.637
0.636
0.640
0.644
0.642
0.641
0.642
0.652
0.653
0.696
0.745
0.760
0.670
0.665
0.752
0.656
0.671
0.658
0.660
0.665
0.654
0.662
0.663
0.657
0.659
0.662
0.656
0.663
0.667
0.662
0.662
0.681
0.673
0.664
0.670
0.661
0.663
0.670
0.659
0.665
0.653
0.640
0.642
0.643
0.650
0.634
0.636
0.637
0.637
0.639
0.637
0.638
0.655
0.639
0.638
0.642
0.639
0.638
0.640
0.642
0.642
0.642
0.641
0.645
0.645
0.645
0.645
0.644
0.646
0.643
0.648
0.654
0.644
0.643
0.650
0.647
0.647
0.649
0.647
0.647
0.655
0.646
0.650
0.654
0.665
0.659
0.654
0.650
0.654
0.655
0.652
0.648
0.652
0.652
0.651
0.652
0.654
0.652
0.657
0.664
0.661
0.658
0.661
0.655
0.657
0.655
0.658
0.663
0.656
0.657
0.658
0.660
0.666
0.657
0.660
0.658
0.660
0.659
0.658
0.659
0.668
0.664
0.664
0.675
0.667
0.669
0.670
0.666
0.680
0.664
0.664
0.668
0.663
0.665
0.668
0.668
0.682
0.674
0.671
0.674
0.680
0.671
0.692
0.669
0.672
0.671
0.667
0.676
0.669
0.672
0.679
0.670
0.670
0.687
0.672
0.682
0.679
0.674
0.670
0.673
0.679
0.678
0.675
0.680
0.681
0.678
0.679
0.677
0.677
0.673
0.680
0.681
0.680
0.679
0.689
0.679
0.688
0.684
0.681
0.680
0.679
0.680
0.682
0.681
0.679
0.678
0.679
0.680
0.684
0.692
0.698
0.691
0.694
0.702
0.698
0.683
0.687
0.682
0.683
0.690
0.686
0.696
0.690
0.694
0.691
0.697
0.691
0.697
0.691
0.696
0.693
0.692
0.699
0.703
0.692
0.693
0.695
0.698
0.692
0.691
0.696
0.693
0.700
0.694
0.693
0.700
0.695
0.708
0.692
0.699
0.704
0.699
0.695
0.703
0.702
0.697
0.697
0.699
0.704
0.704
0.704
0.708
0.700
0.701
0.708
0.699
0.706
0.702
0.704
0.706
0.701
0.708
0.711
0.701
0.709
0.715
0.704
0.714
0.713
0.708
0.706
0.705
0.717
0.708
0.709
0.707
0.707
0.714
0.714
0.712
0.704
0.708
0.738
0.712
0.708
0.713
0.708
0.710
0.714
0.713
0.723
0.722
0.720
0.718
0.728
0.720
0.715
0.718
0.714
0.721
0.721
0.712
0.716
0.719
0.723
0.729
0.720
0.720
0.723
0.723
0.743
0.738
0.720
0.722
0.721
0.725
0.718
0.727
0.723
0.724
0.729
0.731
0.723
0.731
0.727
0.720
0.724
0.729
0.734
0.739
0.726
0.728
0.740
0.730
0.729
0.732
0.727
0.728
0.734
0.735
0.730
0.731
0.735
0.745
0.732
0.742
0.730
0.732
0.736
0.744
0.734
0.729
0.741
0.741
0.736
0.743
0.745
0.742
0.740
0.741
0.739
0.737
0.737
0.742
0.743
0.739
0.741
0.744
0.741
0.748
0.745
0.749
0.741
0.743
0.744
0.746
0.739
0.747
0.749
0.737
0.740
0.740
0.738
0.744
0.747
0.753
0.745
0.751
0.748
0.746
0.750
0.744
0.751
0.743
0.751
0.745
0.744
0.753
0.749
0.749
0.750
0.747
0.761
0.750
0.752
0.752
0.750
0.755
0.754
0.749
0.762
0.751
0.750
0.756
0.750
0.749
0.763
0.757
0.753
0.758
0.755
0.754
0.758
0.756
0.759
0.754
0.762
0.764
0.766
0.774
0.781
0.762
0.761
0.762
0.759
0.761
0.776
0.765
0.768
0.772
0.770
0.760
0.764
0.774
0.769
0.767
0.767
0.764
0.769
0.767
0.770
0.767
0.768
0.773
0.769
0.777
0.772
0.772
0.763
0.767
0.788
0.768
0.772
0.780
0.776
0.782
0.777
0.774
0.784
0.772
0.772
0.788
0.774
0.778
0.774
0.784
0.780
0.775
0.783
0.777
0.775
0.787
0.775
0.783
0.773
0.775
0.775
0.777
0.784
0.784
0.789
0.785
0.782
0.797
0.784
0.786
0.797
0.785
0.781
0.790
0.794
0.783
0.787
0.784
0.784
0.793
0.787
0.789
0.783
0.794
0.794
0.796
0.786
0.808
0.788
0.785
0.798
0.789
0.789
0.790
0.790
0.791
0.790
0.799
0.797
0.789
0.790
0.793
0.788
0.800
0.794
0.791
0.796
0.793
0.794
0.795
0.794
0.795
0.799
0.805
0.797
0.794
0.797
0.796
0.797
0.798
0.799
0.813
0.798
0.818
0.803
0.801
0.798
0.801
0.800
0.804
0.803
0.804
0.810
0.800
0.807
0.804
0.811
0.810
0.806
0.812
0.804
0.807
0.815
0.812
0.809
0.807
0.809
0.805
0.810
0.813
0.807
0.806
0.810
0.816
0.810
0.818
0.811
0.810
0.812
0.819
0.813
0.812
0.813
0.815
0.821
0.826
0.815
0.816
0.823
0.820
0.819
0.821
0.823
0.830
0.816
0.824
0.819
0.820
0.814
0.824
0.828
0.829
0.828
0.832
0.825
0.832
0.837
0.838
0.825
0.828
0.830
0.826
0.832
0.822
0.824
0.827
0.826
0.823
0.844
0.823
0.824
0.846
0.825
0.827
0.840
0.827
0.833
0.825
0.824
0.835
0.823
0.824
0.828
0.831
0.835
0.828
0.833
0.835
0.829
0.833
0.835
0.838
0.836
0.833
0.850
0.840
0.842
0.848
0.840
0.840
0.838
0.841
0.835
0.841
0.837
0.838
0.839
0.842
0.836
0.847
0.842
0.847
0.838
0.837
0.841
0.859
0.843
0.844
0.847
0.841
0.840
0.844
0.848
0.851
0.849
0.848
0.850
0.847
0.846
0.848
0.841
0.852
0.846
0.847
0.851
0.862
0.866
0.865
0.857
0.854
0.853
0.857
0.860
0.854
0.851
0.850
0.854
0.857
0.866
0.858
0.851
0.869
0.865
0.855
0.863
0.855
0.884
0.862
0.859
0.865
0.855
0.876
0.861
0.867
0.859
0.861
0.864
0.866
0.860
0.863
0.873
0.862
0.876
0.868
0.862
0.860
0.866
0.875
0.862
0.881
0.872
0.884
0.877
0.868
0.873
0.869
0.875
0.870
0.869
0.870
0.884
0.867
0.880
0.864
0.875
0.876
0.872
0.868
0.870
0.875
0.875
0.887
0.880
0.875
0.880
0.885
0.882
0.881
0.888
0.879
0.879
0.882
0.879
0.892
0.885
0.878
0.878
0.880
0.882
0.874
0.881
0.887
0.884
0.890
0.886
0.884
0.884
0.879
0.886
0.885
0.892
0.893
0.882
0.882
0.916
0.968
0.933
0.919
0.944
0.938
0.921
0.917
0.923
0.915
0.894
0.937
0.963
0.933
0.912
0.954
0.947
0.921
0.930
0.922
0.931
0.938
0.926
0.913
0.913
0.919
0.916
0.912
0.909
0.917
0.923
0.920
0.928
0.923
0.922
0.918
0.923
0.934
0.913
0.922
0.925
0.928
0.936
0.958
0.946
0.925
0.919
0.920
0.920
0.916
0.969
0.987
0.955
0.921
0.924
0.933
0.939
0.931
0.927
0.957
0.951
0.963
0.954
0.957
0.971
0.987
1.019
0.987
0.950
0.958
0.971
0.969
1.034
0.960
0.961
0.955
0.966
0.965
0.977
0.984
0.973
0.969
0.974
0.948
0.938
0.945
0.956
0.947
0.964
0.947
0.918
0.918
0.921
0.916
0.932
0.927
0.921
0.927
0.939
0.928
0.927
0.925
0.926
0.936
0.928
0.928
0.924
0.928
0.924
0.929
0.925
0.932
0.948
0.924
0.929
0.951
0.931
0.948
0.944
0.932
0.938
0.939
0.963
0.937
0.942
0.944
0.932
0.934
0.946
0.937
0.932
0.937
0.934
0.937
0.949
0.940
0.934
0.931
0.947
0.947
0.943
0.941
0.938
0.944
0.938
0.949
0.939
0.944
0.943
0.940
0.951
0.952
0.964
0.959
0.953
0.961
0.961
0.949
0.950
0.957
0.961
0.952
0.945
0.976
0.949
0.948
0.950
0.944
0.953
0.944
0.945
0.951
0.950
0.957
0.976
0.959
0.948
0.957
0.958
0.956
0.956
0.954
0.959
0.958
0.963
0.954
0.951
0.960
0.954
0.974
0.964
0.972
0.968
0.955
0.965
0.957
0.979
0.959
0.955
0.967
0.958
0.968
0.968
0.964
0.964
0.965
0.965
0.960
0.960
0.972
0.976
0.970
0.966
0.963
0.973
0.972
0.962
0.970
0.971
0.972
0.970
0.974
0.971
0.971
0.969
0.987
0.974
0.974
0.971
0.971
0.968
0.976
0.968
0.970
0.971
0.987
0.973
0.981
1.001
0.972
0.986
0.978
0.980
0.985
0.995
0.981
0.991
0.998
0.986
1.000
0.992
0.981
0.994
0.987
0.983
0.983
0.995
0.988
0.992
1.000
0.987
0.982
0.986
0.989
0.992
0.992
0.985
0.985
0.996
0.994
0.984
0.990
0.988
0.986
1.002
0.996
0.986
1.006
0.998
0.985
0.997
0.983
0.990
1.001
1.019
1.001
0.996
0.996
1.012
1.013
1.005
0.998
0.994
0.996
0.992
0.991
0.995
0.999
1.000
1.002
1.002
1.015
1.008
1.016
0.999
1.014
1.006
1.004
1.003
0.996
1.003
0.999
1.016
1.017
1.003
1.001
1.003
1.008
1.010
1.000
1.014
1.019
1.013
1.013
1.004
1.019
1.009
1.011
1.017
1.027
1.010
1.014
1.011
1.016
1.015
1.030
1.020
1.021
1.022
1.014
1.025
1.018
1.024
1.016
1.021
1.019
1.022
1.028
1.019
1.010
1.021
1.012
1.028
1.043
1.020
1.040
1.023
1.027
1.021
1.040
1.031
1.030
1.025
1.032
1.030
1.023
1.021
1.020
1.025
1.044
1.025
1.023
1.044
1.055
1.043
1.033
1.037
1.047
1.027
1.031
1.036
1.028
1.036
1.059
1.045
1.039
1.033
1.038
1.039
1.036
1.030
1.041
1.050
1.050
1.033
1.037
1.047
1.042
1.051
1.037
1.047
1.046
1.046
1.049
1.034
1.050
1.046
1.046
1.050
1.039
1.066
1.039
1.048
1.050
1.050
1.046
1.063
1.054
1.049
1.048
1.062
1.054
1.045
1.046
1.071
1.050
1.052
1.049
1.048
1.087
1.053
1.059
1.058
1.054
1.061
1.048
1.058
1.054
1.063
1.066
1.067
1.054
1.059
1.075
1.053
1.053
1.060
1.057
1.073
1.062
1.055
1.065
1.061
1.066
1.084
1.077
1.066
1.071
1.069
1.064
1.070
1.078
1.079
1.065
1.084
1.061
1.066
1.066
1.077
1.070
1.068
1.072
1.069
1.082
1.068
1.071
1.071
1.069
1.072
1.086
1.078
1.069
1.063
1.068
1.070
1.073
1.077
1.081
1.076
1.068
1.075
1.088
1.083
1.100
1.076
1.094
1.079
1.077
1.078
1.077
1.087
1.083
1.078
1.102
1.088
1.091
1.079
1.076
1.081
1.092
1.093
1.082
1.118
1.081
1.107
1.091
1.083
1.081
1.088
1.098
1.082
1.092
1.100
1.103
1.112
1.090
1.103
1.091
1.109
1.095
1.106
1.097
1.112
1.088
1.093
1.089
1.103
1.099
1.089
1.089
1.100
1.093
1.091
1.099
1.099
1.103
1.098
1.096
1.106
1.099
1.101
1.095
1.099
1.104
1.100
1.095
1.104
1.108
1.106
1.119
1.106
1.101
1.112
1.119
1.131
1.112
1.105
1.131
1.113
1.112
1.102
1.103
1.120
1.111
1.129
1.104
1.107
1.116
1.110
1.110
1.105
1.126
1.215
1.154
1.158
1.164
1.172
1.143
1.282
1.122
1.175
1.218
1.171
1.147
1.145
1.159
1.159
1.155
1.162
1.156
1.148
1.149
1.159
1.156
1.145
1.171
1.173
1.188
1.157
1.168
1.154
1.151
1.175
1.155
1.210
1.184
1.182
1.161
1.154
1.135
1.168
1.154
1.152
1.145
1.158
1.164
1.156
1.167
1.168
1.183
1.189
1.184
1.196
1.232
1.200
1.178
1.188
1.187
1.196
1.183
1.182
1.189
1.218
1.192
1.189
1.193
1.206
1.167
1.156
1.152
1.139
1.140
1.136
1.149
1.138
1.148
1.153
1.156
1.151
1.154
1.142
1.172
1.152
1.143
1.165
1.143
1.156
1.160
1.159
1.140
1.148
1.151
1.156
1.164
1.150
1.149
1.156
1.161
1.155
1.152
1.147
1.176
1.160
1.158
1.179
1.155
1.171
1.159
1.148
1.150
1.161
1.160
1.165
1.159
1.147
1.167
1.166
1.166
1.174
1.189
1.181
1.167
1.166
1.175
1.162
1.166
1.164
1.172
1.159
1.172
1.210
1.171
1.172
1.170
1.174
1.174
1.167
1.191
1.191
1.175
1.180
1.164
1.170
1.180
1.167
1.176
1.176
1.174
1.177
1.175
1.181
1.187
1.189
1.172
1.177
1.201
1.181
1.174
1.178
1.165
1.189
1.166
1.179
1.178
1.176
1.179
1.171
1.200
1.181
1.186
1.174
1.182
1.186
1.184
1.199
1.193
1.174
1.186
1.188
1.194
1.181
1.186
1.187
1.200
1.187
1.186
1.195
1.211
1.189
1.190
1.205
1.190
1.185
1.199
1.191
1.199
1.205
1.195
1.204
1.197
1.205
1.219
1.201
1.200
1.196
1.200
1.204
1.194
1.207
1.202
1.197
1.194
1.204
1.218
1.217
1.212
1.208
1.200
1.217
1.228
1.210
1.197
1.211
1.212
1.207
1.210
1.212
1.202
1.200
1.205
1.208
1.218
1.223
1.214
1.205
1.215
1.214
1.222
1.207
1.226
1.214
1.212
1.223
1.227
1.223
1.229
1.215
1.227
1.209
1.220
1.217
1.220
1.211
1.215
1.215
1.223
1.210
1.219
1.240
1.246
1.225
1.223
1.250
1.217
1.223
1.230
1.255
1.238
1.245
1.218
1.226
1.230
1.227
1.242
1.247
1.232
1.241
1.229
1.244
1.242
1.241
1.236
1.241
1.253
1.248
1.231
1.246
1.240
1.263
1.248
1.249
1.251
1.242
1.235
1.252
1.247
1.249
1.244
1.243
1.253
1.250
1.235
1.239
1.244
1.236
1.241
1.247
1.258
1.243
1.242
1.246
1.262
1.244
1.248
1.243
1.274
1.249
1.251
1.244
1.255
1.241
1.246
1.241
1.258
1.259
1.259
1.254
1.255
1.267
1.280
1.258
1.263
1.263
1.263
1.278
1.261
1.278
1.263
1.261
1.268
1.265
1.269
1.275
1.262
1.271
1.272
1.269
1.264
1.253
1.253
1.267
1.256
1.263
1.263
1.264
1.273
1.259
1.262
1.276
1.271
1.261
1.279
1.283
1.273
1.272
1.258
1.269
1.274
1.265
1.283
1.271
1.284
1.261
1.267
1.283
1.277
1.272
1.270
1.288
1.275
1.278
1.284
1.282
1.300
1.278
1.280
1.279
1.287
1.282
1.300
1.280
1.266
1.278
1.294
1.284
1.269
1.276
1.290
1.289
1.277
1.280
1.291
1.296
1.313
1.290
1.277
1.291
1.282
1.305
1.327
1.309
1.309
1.277
1.284
1.277
1.291
1.283
1.306
1.294
1.294
1.293
1.284
1.289
1.287
1.291
1.292
1.297
1.317
1.305
1.308
1.293
1.309
1.308
1.315
1.298
1.302
1.300
1.299
1.301
1.311
1.317
1.320
1.307
1.309
1.299
1.312
1.303
1.303
1.303
1.309
1.308
1.315
1.297
1.309
1.308
1.317
1.307
1.302
1.335
1.313
1.302
1.310
1.309
1.313
1.313
1.329
1.313
1.307
1.317
1.320
1.323
1.333
1.335
1.319
1.311
1.332
1.337
1.307
1.330
1.315
1.330
1.321
1.407
1.376
1.365
1.547
1.364
1.363
1.341
1.380
1.437
1.363
1.358
1.352
1.371
1.363
1.381
1.354
1.356
1.362
1.352
1.370
1.365
1.375
1.361
1.354
1.378
1.364
1.365
1.408
1.463
1.491
1.344
1.359
1.367
1.450
1.435
1.357
1.355
1.369
1.372
1.408
1.389
1.440
1.420
1.400
1.403
1.656
1.392
1.396
1.409
1.437
1.413
1.423
1.408
1.420
1.462
1.521
1.369
1.342
1.345
1.341
1.359
1.368
1.350
1.345
1.342
1.354
1.339
1.345
1.361
1.351
1.367
1.357
1.373
1.352
1.380
1.363
1.375
1.379
1.386
1.381
1.354
1.363
1.365
1.353
1.383
1.371
1.352
1.353
1.374
1.374
1.354
1.365
1.366
1.370
1.362
1.370
1.358
1.372
1.360
1.363
1.356
1.360
1.382
1.386
1.362
1.376
1.378
1.382
1.372
1.412
1.371
1.384
1.382
1.380
1.399
1.375
1.375
1.374
1.384
1.368
1.390
1.372
1.364
1.377
1.391
1.376
1.382
1.382
1.377
1.391
1.376
1.370
1.374
1.395
1.385
1.390
1.379
1.386
1.389
1.380
1.380
1.388
1.394
1.392
1.390
1.390
1.389
1.377
1.396
1.385
1.411
1.382
1.384
1.389
1.413
1.398
1.391
1.391
1.440
1.404
1.398
1.384
1.390
1.415
1.411
1.403
1.414
1.404
1.400
1.398
1.399
1.395
1.413
1.406
1.409
1.407
1.400
1.418
1.390
1.392
1.398
1.404
1.399
1.420
1.413
1.416
1.404
1.399
1.413
1.416
1.412
1.406
1.410
1.423
1.420
1.415
1.418
1.430
1.415
1.419
1.411
1.411
1.419
1.423
1.424
1.437
1.424
1.402
1.415
1.429
1.439
1.431
1.417
1.427
1.416
1.418
1.425
1.432
1.431
1.435
1.424
1.432
1.419
1.419
1.416
1.423
1.433
1.421
1.439
1.420
1.427
1.454
1.422
1.447
1.448
1.439
1.417
1.421
1.443
1.429
1.434
1.420
1.435
1.426
1.439
1.429
1.454
1.428
1.431
1.431
1.451
1.450
1.448
1.457
1.439
1.431
1.431
1.443
1.431
1.423
1.465
1.435
1.447
1.437
1.446
1.443
1.440
1.482
1.447
1.456
1.446
1.441
1.433
1.451
1.458
1.451
1.446
1.449
1.450
1.446
1.443
1.468
1.449
1.445
1.450
1.462
1.447
1.449
1.454
1.450
1.460
1.453
1.478
1.451
1.446
1.441
1.458
1.451
1.449
1.451
1.457
1.456
1.462
1.445
1.468
1.463
1.451
1.463
1.451
1.458
1.455
1.479
1.488
1.486
1.464
1.467
1.477
1.467
1.472
1.457
1.458
1.473
1.475
1.466
1.467
1.486
1.467
1.470
1.464
1.460
1.468
1.493
1.480
1.480
1.468
1.482
1.477
1.485
1.490
1.478
1.468
1.471
1.469
1.472
1.500
1.475
1.468
1.477
1.492
1.479
1.495
1.501
1.505
1.508
1.506
1.482
1.479
1.480
1.484
1.492
1.492
1.489
1.488
1.498
1.505
1.499
1.486
1.493
1.485
1.493
1.508
1.490
1.526
1.483
1.492
1.504
1.507
1.501
1.491
1.505
1.480
1.491
1.493
1.496
1.503
1.499
1.498
1.529
1.501
1.510
1.512
1.495
1.492
1.499
1.522
1.533
1.522
1.505
1.508
1.500
1.515
1.532
1.526
1.504
1.511
1.507
1.493
1.501
1.518
1.583
1.576
1.561
1.554
1.553
1.609
1.523
1.542
1.552
1.558
1.564
1.552
1.555
1.538
1.540
1.544
1.550
1.547
1.543
1.561
1.545
1.542
1.581
1.594
1.557
1.563
1.561
1.585
1.560
1.549
1.552
1.571
1.592
1.598
1.602
1.617
1.608
1.596
1.595
1.609
1.596
1.613
1.608
1.621
1.612
1.603
1.556
1.528
1.528
1.565
1.549
1.535
1.568
1.560
1.559
1.536
1.567
1.560
1.539
1.524
1.539
1.535
1.558
1.545
1.540
1.552
1.572
1.531
1.545
1.559
1.564
1.571
1.540
1.546
1.554
1.535
1.551
1.572
1.573
1.571
1.553
1.551
1.554
1.544
1.550
1.572
1.551
1.542
1.562
1.545
1.545
1.551
1.557
1.548
1.560
1.579
1.563
1.569
1.560
1.567
1.558
1.602
1.556
1.563
1.558
1.566
1.557
1.560
1.557
1.559
1.553
1.558
1.572
1.554
1.568
1.565
1.574
1.568
1.582
1.560
1.582
1.576
1.574
1.577
1.595
1.571
1.566
1.576
1.574
1.583
1.580
1.569
1.559
1.588
1.583
1.575
1.607
1.590
1.568
1.595
1.594
1.576
1.598
1.597
1.587
1.592
1.579
1.579
1.585
1.613
1.600
1.580
1.603
1.604
1.589
1.596
1.577
1.579
1.599
1.604
1.591
1.604
1.595
1.579
1.610
1.589
1.591
1.578
1.615
1.595
1.611
1.596
1.606
1.587
1.589
1.584
1.606
1.603
1.608
1.592
1.607
1.610
1.596
1.613
1.600
1.601
1.605
1.627
1.596
1.609
1.595
1.613
1.603
1.618
1.615
1.600
1.615
1.612
1.613
1.612
1.600
1.598
1.600
1.619
1.616
1.614
1.638
1.611
1.609
1.631
1.597
1.611
1.611
1.642
1.615
1.626
1.610
1.631
1.627
1.633
1.627
1.632
1.630
1.629
1.629
1.646
1.659
1.624
1.634
1.647
1.642
1.600
1.624
1.617
1.609
1.627
1.642
1.627
1.621
1.637
1.624
1.636
1.636
1.629
1.641
1.628
1.618
1.642
1.633
1.637
1.653
1.631
1.634
1.645
1.634
1.626
1.637
1.644
1.661
1.664
1.657
1.624
1.638
1.655
1.642
1.644
1.652
1.647
1.628
1.659
1.662
1.645
1.660
1.645
1.667
1.649
1.641
1.635
1.648
1.646
1.645
1.652
1.642
1.645
1.647
1.652
1.689
1.656
1.686
1.684
1.651
1.673
1.659
1.675
1.668
1.663
1.678
1.652
1.666
1.669
1.661
1.673
1.674
1.670
1.673
1.663
1.658
1.649
1.657
1.681
1.650
1.683
1.654
1.671
1.670
1.677
1.666
1.683
1.680
1.671
1.687
1.663
1.667
1.693
1.687
1.688
1.675
1.688
1.685
1.686
1.679
1.673
1.675
1.718
1.684
1.705
1.700
1.706
1.674
1.679
1.663
1.689
1.690
1.678
1.693
1.674
1.692
1.699
1.672
1.687
1.697
1.682
1.678
1.708
1.675
1.695
1.691
1.690
1.714
1.688
1.692
1.697
1.688
1.695
1.706
1.737
1.714
1.716
1.690
1.701
1.689
1.714
1.691
1.706
1.695
1.696
1.722
1.700
1.713
1.698
1.702
1.698
1.706
1.710
1.712
1.716
1.700
1.735
1.730
1.711
1.687
1.729
1.717
1.705
1.711
1.737
1.715
1.751
1.808
1.794
1.785
1.784
2.194
1.833
1.802
1.792
1.763
1.770
1.771
1.761
1.755
1.753
1.732
1.775
1.743
1.746
1.747
1.761
1.788
1.798
1.801
1.764
1.770
1.769
1.870
1.777
1.753
1.786
1.799
1.796
1.843
1.857
1.826
1.809
1.803
1.823
1.832
1.819
1.831
1.817
1.820
1.745
1.757
1.734
1.757
1.719
1.725
1.745
1.723
1.726
1.746
1.730
1.725
1.755
1.740
1.758
1.732
1.754
1.731
1.736
1.755
1.764
1.790
1.754
1.733
1.753
1.753
1.732
1.757
1.750
1.740
1.753
1.777
1.748
1.748
1.771
1.757
1.759
1.764
1.759
1.764
1.793
1.763
1.754
1.759
1.758
1.768
1.765
1.779
1.754
1.780
1.765
1.757
1.756
1.750
1.763
1.759
1.767
1.753
1.768
1.759
1.782
1.765
1.769
1.787
1.783
1.765
1.795
1.788
1.789
1.769
1.775
1.783
1.763
1.773
1.773
1.765
1.771
1.772
1.771
1.772
1.781
1.781
1.773
1.777
1.765
1.776
1.776
1.768
1.768
1.777
1.766
1.779
1.800
1.793
1.781
1.794
1.782
1.771
1.781
1.792
1.795
1.801
1.787
1.795
1.786
1.790
1.780
1.773
1.791
1.790
1.795
1.797
1.820
1.793
1.801
1.781
1.813
1.807
1.788
1.778
1.812
1.797
1.810
1.796
1.789
1.793
1.820
1.805
1.796
1.793
1.807
1.820
1.812
1.797
1.807
1.817
1.805
1.803
1.818
1.815
1.795
1.843
1.807
1.813
1.805
1.815
1.813
1.803
1.818
1.818
1.827
1.811
1.832
1.805
1.804
1.824
1.818
1.810
1.812
1.818
1.797
1.833
1.830
1.814
1.829
1.826
1.815
1.820
1.841
1.833
1.813
1.828
1.827
1.817
1.843
1.851
1.830
1.806
1.824
1.838
1.834
1.831
1.824
1.828
1.837
1.854
1.836
1.832
1.826
1.827
1.831
1.827
1.839
1.837
1.837
1.835
1.864
1.833
1.850
1.831
1.831
1.862
1.843
1.838
1.832
1.836
1.836
1.840
1.879
1.821
1.828
1.874
1.841
1.842
1.835
1.839
1.851
1.854
1.850
1.859
1.877
1.838
1.856
1.844
1.846
1.843
1.851
1.859
1.848
1.857
1.851
1.862
1.845
1.856
1.847
1.859
1.852
1.869
1.859
1.853
1.869
1.864
1.873
1.867
1.864
1.855
1.843
1.847
1.877
1.863
1.862
1.861
1.843
1.874
1.876
1.863
1.869
1.859
1.879
1.864
1.882
1.851
1.880
1.870
1.880
1.870
1.879
1.870
1.867
1.874
1.885
1.908
1.875
1.877
1.870
1.868
1.879
1.876
1.882
1.910
1.906
1.991
1.947
1.966
1.957
1.931
2.037
1.909
1.919
1.939
1.956
1.933
1.944
1.931
2.071
1.946
1.929
1.945
1.928
1.938
1.969
1.984
1.948
1.929
2.000
1.994
1.960
1.941
1.947
1.958
1.977
1.984
2.027
1.977
1.977
1.982
1.989
1.991
2.022
1.995
2.061
1.905
1.899
1.899
1.900
1.902
1.938
1.903
1.905
1.922
1.916
1.930
1.926
1.917
1.935
1.939
1.911
1.915
1.917
1.911
1.928
1.900
1.912
1.923
1.928
1.918
1.901
1.910
1.927
1.939
1.931
1.918
1.917
1.918
1.929
1.924
1.933
1.920
1.938
1.914
1.915
1.922
1.925
1.929
1.920
1.927
1.926
1.915
1.941
1.954
1.933
1.939
1.921
1.929
1.932
1.942
1.929
1.925
1.948
1.928
1.927
1.935
1.948
1.972
1.991
1.929
1.929
1.929
1.943
1.940
1.936
1.952
1.955
1.943
1.972
1.942
1.950
1.957
1.960
1.959
1.955
1.936
1.943
1.951
1.941
1.953
1.950
1.954
1.962
1.956
1.961
1.958
1.949
1.958
1.947
1.955
1.946
1.958
1.971
1.958
1.970
1.944
1.948
1.961
1.953
1.969
1.960
1.968
1.984
1.974
1.963
1.955
1.944
1.959
1.964
1.957
1.964
1.986
1.962
1.964
1.958
1.990
1.955
1.963
1.954
1.965
1.982
1.987
1.963
1.985
1.964
1.977
1.971
1.967
1.972
1.967
1.978
1.977
1.973
1.994
1.969
1.976
1.969
1.972
1.984
1.972
1.999
1.988
1.975
1.975
1.984
1.995
2.015
2.001
1.977
2.013
1.980
1.979
1.975
2.006
2.022
2.012
1.982
2.004
2.005
2.008
1.995
1.989
1.978
1.989
1.982
1.993
1.993
1.982
1.989
2.024
1.991
2.001
1.992
1.988
2.004
1.991
1.991
1.999
1.990
2.019
2.008
1.997
2.012
2.023
2.002
2.008
1.990
2.008
1.989
2.011
2.003
2.016
1.995
2.010
2.007
2.008
2.006
2.043
2.025
2.009
2.024
2.025
2.009
2.022
2.001
2.002
2.017
2.000
2.022
2.037
2.014
2.077
2.033
2.066
2.041
2.051
2.016
2.020
2.021
2.033
2.026
2.032
2.021
2.051
2.021
2.011
2.029
2.048
2.037
2.043
2.036
2.032
2.044
2.037
2.034
2.021
2.049
2.029
2.028
2.018
2.039
2.030
2.032
2.033
2.032
2.038
2.061
2.044
2.047
2.046
2.037
2.038
2.078
2.135
2.108
2.078
2.209
2.095
2.097
2.111
2.118
2.095
2.113
2.082
2.115
2.092
2.096
2.095
2.110
2.160
2.115
2.100
2.134
2.092
2.088
2.094
2.126
2.149
2.155
2.146
2.175
2.172
2.202
2.167
2.136
2.176
2.155
2.058
2.094
2.100
2.061
2.069
2.062
2.066
2.076
2.060
2.055
2.074
2.062
2.070
2.084
2.065
2.070
2.071
2.074
2.081
2.068
2.056
2.062
2.104
2.093
2.083
2.081
2.099
2.071
2.063
2.070
2.066
2.087
2.076
2.082
2.095
2.090
2.098
2.087
2.069
2.087
2.075
2.084
2.102
2.126
2.114
2.135
2.111
2.087
2.104
2.116
2.094
2.088
2.078
2.093
2.092
2.123
2.072
2.092
2.103
2.100
2.099
2.112
2.111
2.088
2.096
2.101
2.101
2.103
2.097
2.108
2.111
2.126
2.110
2.125
2.111
2.105
2.108
2.097
2.116
2.112
2.105
2.107
2.094
2.125
2.117
2.113
2.112
2.123
2.098
2.111
2.110
2.118
2.117
2.106
2.138
2.117
2.119
2.131
2.117
2.095
2.131
2.132
2.158
2.120
2.114
2.129
2.116
2.113
2.108
2.118
2.114
2.120
2.155
2.106
2.122
2.121
2.132
2.119
2.134
2.122
2.123
2.123
2.122
2.118
2.138
2.160
2.219
2.176
2.155
2.151
2.139
2.142
2.152
2.149
2.162
2.129
2.145
2.143
2.145
2.125
2.147
2.150
2.135
2.134
2.162
2.152
2.147
2.150
2.168
2.156
2.165
2.148
2.134
2.154
2.139
2.143
2.157
2.143
2.152
2.144
2.155
2.152
2.209
2.158
2.150
2.166
2.144
2.146
2.158
2.150
2.174
2.166
2.146
2.171
2.194
2.156
2.166
2.153
2.167
2.159
2.177
2.179
2.187
2.190
2.163
2.170
2.179
2.163
2.158
2.175
2.176
2.173
2.201
2.199
2.182
2.174
2.179
2.155
2.178
2.212
2.190
2.176
2.162
2.190
2.184
2.209
2.209
2.213
2.185
2.176
2.182
2.172
2.234
2.203
2.183
2.179
2.184
2.200
2.189
2.196
2.189
2.211
2.175
2.188
2.215
2.189
2.206
2.210
2.208
2.230
2.180
2.212
2.189
2.213
2.189
2.206
2.216
2.203
2.245
2.307
2.298
2.300
2.317
2.280
2.315
2.243
2.270
2.274
2.244
2.245
2.248
2.248
2.255
2.261
2.270
2.293
2.304
2.240
2.251
2.375
2.283
2.246
2.279
2.451
2.340
2.327
2.355
2.313
2.333
2.344
2.335
2.311
2.279
2.205
2.221
2.207
2.223
2.222
2.231
2.234
2.238
2.269
2.259
2.254
2.233
2.222
2.234
2.225
2.246
2.238
2.249
2.228
2.230
2.223
2.241
2.212
2.222
2.239
2.244
2.245
2.253
2.245
2.248
2.281
2.248
2.314
2.241
2.231
2.250
2.247
2.231
2.231
2.235
2.244
2.238
2.270
2.263
2.247
2.255
2.257
2.267
2.252
2.240
2.285
2.271
2.241
2.251
2.244
2.277
2.268
2.249
2.284
2.263
2.267
2.248
2.261
2.252
2.263
2.266
2.251
2.260
2.253
2.252
2.261
2.257
2.278
2.274
2.267
2.264
2.269
2.256
2.284
2.277
2.251
2.262
2.254
2.266
2.271
2.285
2.290
2.277
2.264
2.272
2.266
2.259
2.290
2.275
2.304
2.276
2.285
2.297
2.301
2.312
2.285
2.302
2.304
2.273
2.277
2.286
2.293
2.302
2.301
2.263
2.277
2.289
2.279
2.286
2.288
2.317
2.325
2.281
2.277
2.278
2.304
2.316
2.289
2.293
2.302
2.304
2.272
2.332
2.286
2.296
2.294
2.282
2.314
2.306
2.269
2.293
2.299
2.297
2.327
2.317
2.300
2.312
2.306
2.288
2.306
2.294
2.312
2.294
2.325
2.304
2.298
2.306
2.308
2.299
2.298
2.326
2.302
2.307
2.320
2.311
2.313
2.311
2.327
2.310
2.315
2.332
2.322
2.323
2.331
2.336
2.300
2.311
2.335
2.320
2.306
2.337
2.334
2.328
2.309
2.308
2.353
2.314
2.323
2.305
2.315
2.327
2.358
2.345
2.319
2.325
2.347
2.345
2.331
2.337
2.347
2.324
2.325
2.329
2.338
2.376
2.348
2.359
2.342
2.339
2.365
2.334
2.347
2.341
2.353
2.330
2.317
2.339
2.332
2.341
2.344
2.359
2.351
2.343
2.358
2.364
2.329
2.387
2.418
2.675
2.469
2.429
2.478
2.394
2.389
2.427
2.421
2.425
2.400
2.413
2.412
2.417
2.396
2.398
2.460
2.437
2.416
2.508
2.447
2.412
2.437
2.467
2.478
2.561
2.480
2.485
2.481
2.481
2.461
2.457
2.368
2.373
2.431
2.415
2.381
2.375
2.405
2.400
2.356
2.405
2.414
2.378
2.402
2.375
2.395
2.402
2.386
2.408
2.395
2.393
2.387
2.399
2.360
2.388
2.387
2.397
2.399
2.400
2.391
2.403
2.409
2.403
2.386
2.435
2.417
2.413
2.403
2.434
2.383
2.397
2.398
2.404
2.402
2.414
2.391
2.402
2.401
2.395
2.434
2.393
2.388
2.378
2.412
2.395
2.391
2.424
2.400
2.388
2.383
2.429
2.422
2.414
2.409
2.396
2.413
2.411
2.401
2.411
2.403
2.432
2.402
2.419
2.407
2.417
2.438
2.397
2.414
2.431
2.403
2.397
2.404
2.441
2.409
2.442
2.408
2.422
2.445
2.421
2.481
2.457
2.429
2.429
2.437
2.476
2.427
2.432
2.448
2.474
2.438
2.416
2.429
2.445
2.433
2.438
2.437
2.422
2.444
2.450
2.452
2.444
2.445
2.437
2.427
2.429
2.434
2.457
2.441
2.454
2.439
2.442
2.441
2.439
2.436
2.437
2.426
2.475
2.437
2.474
2.458
2.455
2.454
2.449
2.456
2.444
2.481
2.455
2.475
2.456
2.447
2.436
2.434
2.430
2.510
2.436
2.453
2.453
2.495
2.444
2.444
2.470
2.479
2.491
2.444
2.480
2.481
2.483
2.466
2.434
2.488
2.468
2.468
2.482
2.498
2.472
2.475
2.510
2.496
2.474
2.487
2.481
2.466
2.480
2.497
2.478
2.462
2.495
2.460
2.514
2.494
2.506
2.492
2.481
2.479
2.514
2.470
2.505
2.473
2.517
2.505
2.479
2.476
2.511
2.495
2.491
2.485
2.489
2.483
2.502
2.509
2.516
2.479
2.482
2.488
2.507
2.496
2.516
2.489
2.532
2.493
2.503
2.505
2.545
2.519
2.521
2.506
2.547
2.509
2.502
2.532
2.536
2.510
2.507
2.506
2.503
2.518
2.504
2.511
2.508
2.512
2.525
2.516
2.520
2.525
2.617
2.599
2.606
2.621
2.562
2.608
2.611
2.575
2.577
2.575
2.575
2.563
2.578
2.636
2.598
2.561
2.719
2.585
2.597
2.599
2.675
2.695
2.767
2.668
2.640
2.624
2.620
2.824
2.538
2.526
2.561
2.533
2.547
2.529
2.561
2.542
2.553
2.535
2.542
2.524
2.553
2.555
2.548
2.535
2.545
2.570
2.542
2.530
2.568
2.549
2.544
2.526
2.539
2.555
2.561
2.542
2.558
2.534
2.566
2.556
2.550
2.552
2.544
2.569
2.534
2.587
2.575
2.554
2.587
2.554
2.545
2.558
2.556
2.599
2.572
2.569
2.575
2.558
2.557
2.579
2.577
2.579
2.576
2.551
2.610
2.578
2.569
2.578
2.549
2.572
2.602
2.566
2.586
2.566
2.585
2.566
2.562
2.585
2.572
2.579
2.578
2.560
2.567
2.565
2.576
2.571
2.593
2.554
2.590
2.614
2.595
2.579
2.569
2.566
2.579
2.585
2.612
2.578
2.579
2.590
2.587
2.593
2.582
2.572
2.582
2.635
2.586
2.604
2.580
2.603
2.605
2.609
2.605
2.604
2.593
2.622
2.583
2.617
2.595
2.591
2.605
2.639
2.619
2.591
2.616
2.603
2.598
2.596
2.650
2.598
2.632
2.632
2.627
2.590
2.576
2.594
2.605
2.598
2.580
2.602
2.609
2.613
2.604
2.609
2.630
2.636
2.611
2.606
2.625
2.619
2.629
2.608
2.607
2.607
2.615
2.647
2.620
2.608
2.612
2.624
2.602
2.608
2.618
2.632
2.634
2.609
2.650
2.658
2.626
2.646
2.639
2.670
2.642
2.639
2.627
2.624
2.635
2.676
2.651
2.657
2.649
2.630
2.626
2.619
2.634
2.636
2.643
2.618
2.640
2.648
2.649
2.635
2.629
2.645
2.648
2.648
2.659
2.677
2.638
2.633
2.648
2.637
2.656
2.656
2.642
2.822
2.783
2.735
2.789
2.774
2.706
2.753
2.736
2.730
2.707
2.699
2.709
2.733
2.788
2.804
2.688
2.767
2.731
2.726
2.769
2.785
2.777
2.861
2.803
2.788
2.797
2.811
2.783
2.663
2.693
2.703
2.671
2.691
2.675
2.708
2.673
2.682
2.672
2.669
2.703
2.696
2.690
2.676
2.693
2.759
2.697
2.697
2.700
2.687
2.680
2.689
2.669
2.698
2.676
2.672
2.698
2.705
2.694
2.678
2.705
2.695
2.690
2.675
2.727
2.683
2.709
2.780
2.716
2.749
2.703
2.675
2.693
2.710
2.724
2.690
2.704
2.726
2.705
2.719
2.704
2.759
2.685
2.731
2.697
2.715
2.721
2.699
2.744
2.700
2.699
2.693
2.717
2.715
2.753
2.735
2.722
2.701
2.720
2.717
2.737
2.735
2.733
2.708
2.716
2.732
2.712
2.732
2.708
2.747
2.735
2.722
2.732
2.718
2.714
2.776
2.731
2.731
2.703
2.738
2.712
2.730
2.746
2.737
2.755
2.738
2.720
2.735
2.766
2.729
2.728
2.742
2.736
2.729
2.746
2.735
2.736
2.715
2.754
2.726
2.759
2.733
2.741
2.747
2.733
2.753
2.737
2.756
2.735
2.747
2.751
2.754
2.759
2.754
2.771
2.748
2.755
2.800
2.741
2.795
2.781
2.768
2.755
2.750
2.778
2.770
2.756
2.766
2.768
2.771
2.770
2.758
2.758
2.770
2.760
2.748
2.763
2.761
2.763
2.747
2.754
2.784
2.787
2.784
2.778
2.793
2.817
2.776
2.759
2.779
2.783
2.791
2.800
2.759
2.783
2.779
2.818
2.781
2.786
2.768
2.782
2.802
2.769
2.798
2.800
2.767
2.777
2.778
2.797
2.796
2.789
2.790
2.790
2.820
2.770
2.947
2.967
2.941
2.859
2.844
2.855
2.906
2.856
2.841
2.860
2.885
2.863
2.842
2.932
2.942
2.827
2.943
2.902
2.943
2.970
2.918
2.984
2.983
2.963
2.930
2.961
2.966
2.928
2.852
2.933
2.810
2.804
2.827
2.801
2.918
2.899
2.917
2.903
2.906
2.806
2.798
2.857
2.835
2.835
2.834
2.796
2.838
2.825
2.867
2.819
2.864
2.820
2.814
2.818
2.814
2.825
2.832
2.889
2.839
2.846
2.872
2.861
2.845
2.833
2.851
2.838
2.827
2.826
2.860
2.827
2.855
2.817
2.836
2.851
2.844
2.845
2.820
2.848
2.852
2.836
2.862
2.865
2.861
2.869
2.869
2.856
2.883
2.875
2.859
2.835
2.841
2.840
2.859
2.855
2.859
2.876
2.870
2.843
2.859
2.840
2.846
2.877
2.871
2.860
2.848
2.868
2.839
2.862
2.864
2.863
2.852
2.862
2.871
2.903
2.940
2.878
2.881
2.871
2.873
2.881
2.870
2.855
2.881
2.905
2.906
2.865
2.867
2.868
2.869
2.868
2.874
2.860
2.894
2.876
2.905
2.879
2.888
2.883
2.906
2.902
2.898
2.889
2.877
2.950
2.903
2.903
2.895
2.897
2.898
2.876
2.867
2.883
2.865
2.909
2.919
2.928
2.895
2.910
2.886
2.904
2.900
2.905
2.936
2.906
2.877
2.912
2.896
2.911
2.896
2.900
2.922
2.904
2.889
2.917
2.923
2.914
2.910
2.904
2.939
2.912
2.919
2.913
2.926
2.897
2.911
2.921
2.901
2.914
2.918
2.911
2.902
2.946
2.889
2.905
2.927
2.937
2.919
2.912
2.961
2.939
2.905
2.942
2.932
2.934
3.038
3.028
3.043
2.984
2.989
3.019
2.986
2.985
2.972
2.977
2.992
3.053
3.028
3.057
3.121
2.971
3.023
3.100
3.057
3.089
3.094
3.055
3.080
3.101
2.954
2.950
2.967
2.946
2.941
2.954
2.944
2.947
2.946
2.975
2.962
2.934
2.980
2.960
2.962
2.960
2.947
2.954
2.971
2.938
2.943
2.962
2.993
2.952
2.968
2.960
2.969
2.970
2.940
2.974
2.970
2.982
2.990
2.961
2.970
2.971
2.948
2.949
2.964
2.967
2.960
2.963
2.958
2.980
2.958
2.980
2.971
2.982
2.975
2.969
2.972
2.960
2.984
2.968
2.980
2.982
2.998
2.961
2.981
2.978
2.973
2.980
2.985
2.977
2.974
2.985
2.997
3.014
3.015
2.968
3.004
2.994
2.984
2.989
3.005
3.031
2.982
2.993
3.026
3.014
3.034
2.993
3.009
3.020
2.999
3.006
3.051
3.037
2.994
3.012
2.998
3.013
3.014
3.027
2.997
3.026
2.989
3.012
3.000
3.031
3.009
3.009
3.032
3.019
3.004
3.025
3.006
3.007
3.036
3.027
3.036
3.037
3.003
3.066
3.040
3.045
3.041
3.024
3.047
3.013
3.052
3.006
3.023
3.058
2.994
3.014
3.029
3.054
3.029
3.009
3.025
3.030
3.020
3.050
3.059
3.032
3.048
3.015
3.037
3.043
3.047
3.083
3.053
3.091
3.059
3.042
3.038
3.044
3.038
3.042
3.052
3.105
3.047
3.042
3.055
3.054
3.059
3.044
3.070
3.035
3.052
3.043
3.044
3.057
3.069
3.083
3.076
3.065
3.083
3.087
3.210
3.872
3.154
3.214
3.150
3.180
3.247
3.123
3.190
3.132
3.097
3.113
3.212
3.111
3.190
3.183
3.134
3.212
3.408
3.306
3.206
3.213
3.246
3.273
3.205
3.233
3.118
3.113
3.108
3.114
3.073
3.082
3.084
3.083
3.094
3.109
3.122
3.110
3.064
3.090
3.077
3.122
3.098
3.074
3.117
3.089
3.124
3.089
3.092
3.120
3.071
3.105
3.092
3.097
3.078
3.092
3.105
3.090
3.102
3.149
3.119
3.101
3.136
3.121
3.108
3.115
3.100
3.085
3.111
3.079
3.098
3.099
3.126
3.124
3.107
3.100
3.085
3.138
3.100
3.133
3.138
3.123
3.136
3.112
3.129
3.136
3.137
3.133
3.115
3.128
3.117
3.139
3.129
3.104
3.128
3.120
3.137
3.137
3.165
3.126
3.124
3.134
3.134
3.123
3.134
3.128
3.123
3.151
3.143
3.163
3.148
3.130
3.153
3.131
3.170
3.129
3.158
3.134
3.120
3.165
3.167
3.124
3.163
3.158
3.161
3.148
3.169
3.144
3.174
3.141
3.152
3.179
3.176
3.155
3.159
3.150
3.134
3.151
3.136
3.141
3.139
3.174
3.159
3.162
3.151
3.154
3.161
3.168
3.172
3.198
3.158
3.184
3.176
3.179
3.158
3.174
3.208
3.186
3.162
3.181
3.166
3.194
3.188
3.198
3.177
3.182
3.161
3.167
3.159
3.164
3.170
3.183
3.209
3.178
3.174
3.181
3.186
3.174
3.181
3.213
3.210
3.185
3.193
3.202
3.192
3.181
3.199
3.235
3.212
3.186
3.167
3.218
3.203
3.190
3.233
3.194
3.216
3.222
3.222
3.200
3.199
3.202
3.210
3.199
3.231
3.333
3.369
3.302
3.406
3.264
3.316
3.296
3.273
3.265
3.248
3.305
3.359
3.332
3.316
3.268
3.287
3.335
3.340
3.472
3.366
3.356
3.367
3.356
3.283
3.248
3.257
3.227
3.224
3.221
3.215
3.227
3.218
3.258
3.223
3.220
3.260
3.252
3.249
3.257
3.249
3.248
3.238
3.248
3.267
3.239
3.225
3.227
3.240
3.247
3.242
3.257
3.235
3.246
3.243
3.222
3.237
3.226
3.242
3.225
3.226
3.234
3.240
3.272
3.223
3.233
3.238
3.238
3.244
3.241
3.263
3.266
3.242
3.244
3.239
3.232
3.244
3.246
3.259
3.263
3.245
3.232
3.256
3.239
3.283
3.276
3.268
3.246
3.277
3.289
3.238
3.259
3.291
3.274
3.234
3.282
3.270
3.261
3.264
3.286
3.319
3.296
3.283
3.275
3.278
3.314
3.265
3.270
3.271
3.286
3.282
3.253
3.254
3.283
3.301
3.275
3.303
3.310
3.313
3.289
3.272
3.303
3.313
3.297
3.312
3.276
3.284
3.331
3.271
3.266
3.316
3.308
3.302
3.276
3.285
3.328
3.306
3.301
3.308
3.299
3.289
3.346
3.279
3.301
3.312
3.326
3.305
3.313
3.316
3.309
3.317
3.318
3.287
3.340
3.310
3.319
3.312
3.301
3.308
3.322
3.324
3.306
3.310
3.307
3.294
3.310
3.289
3.300
3.318
3.353
3.339
3.299
3.329
3.350
3.322
3.337
3.349
3.329
3.316
3.334
3.483
3.429
3.528
3.413
3.465
3.409
3.370
3.414
3.409
3.427
3.486
3.391
3.534
3.405
3.446
3.478
3.519
3.507
3.499
3.517
3.528
3.391
3.370
3.335
3.372
3.364
3.350
3.392
3.361
3.318
3.365
3.371
3.352
3.370
3.342
3.365
3.378
3.333
3.349
3.383
3.394
3.379
3.359
3.368
3.357
3.396
3.380
3.397
3.344
3.375
3.360
3.402
3.373
3.359
3.413
3.423
3.406
3.398
3.390
3.385
3.391
3.365
3.373
3.417
3.400
3.390
3.386
3.385
3.392
3.397
3.409
3.395
3.419
3.391
3.382
3.409
3.393
3.405
3.396
3.383
3.390
3.390
3.382
3.391
3.391
3.374
3.381
3.415
3.390
3.442
3.394
3.404
3.418
3.402
3.380
3.376
3.397
3.369
3.401
3.422
3.393
3.395
3.423
3.401
3.391
3.436
3.446
3.422
3.388
3.420
3.413
3.428
3.402
3.414
3.410
3.450
3.457
3.403
3.414
3.471
3.389
3.466
3.414
3.419
3.445
3.417
3.451
3.415
3.442
3.411
3.396
3.402
3.417
3.416
3.419
3.400
3.416
3.441
3.442
3.450
3.421
3.421
3.457
3.413
3.445
3.446
3.435
3.421
3.464
3.437
3.422
3.444
3.466
3.415
3.469
3.457
3.448
3.480
3.450
3.451
3.437
3.444
3.481
3.447
3.500
3.450
3.533
3.610
3.637
3.634
3.614
3.632
3.606
3.877
4.133
3.766
3.715
3.611
3.559
3.598
3.528
3.565
3.519
3.562
3.599
3.564
3.579
3.627
3.679
3.647
3.600
3.633
3.619
3.629
3.602
3.508
3.487
3.487
3.492
3.515
3.474
3.476
3.494
3.485
3.524
3.465
3.472
3.466
3.470
3.490
3.478
3.512
3.451
3.481
3.494
3.453
3.506
3.508
3.485
3.505
3.477
3.512
3.501
3.482
3.511
3.490
3.486
3.529
3.525
3.524
3.462
3.504
3.477
3.495
3.522
3.507
3.472
3.491
3.549
3.519
3.493
3.515
3.506
3.512
3.497
3.500
3.519
3.486
3.518
3.532
3.518
3.525
3.529
3.503
3.503
3.547
3.527
3.517
3.517
3.528
3.486
3.506
3.508
3.546
3.514
3.538
3.535
3.521
3.566
3.524
3.555
3.556
3.535
3.540
3.546
3.531
3.560
3.554
3.539
3.551
3.536
3.529
3.524
3.569
3.546
3.568
3.562
3.535
3.539
3.539
3.565
3.536
3.561
3.583
3.630
3.548
3.618
3.542
3.527
3.554
3.542
3.546
3.556
3.582
3.551
3.565
3.527
3.544
3.547
3.555
3.562
3.557
3.534
3.642
3.573
3.566
3.568
3.546
3.589
3.614
3.576
3.572
3.583
3.568
3.574
3.572
3.625
3.568
3.590
3.576
3.565
3.591
3.604
3.591
3.577
3.568
3.623
3.758
3.757
3.744
3.672
3.735
3.691
3.629
3.722
3.649
3.639
3.723
3.664
3.722
3.691
3.711
3.735
3.799
3.742
3.763
3.737
3.664
3.602
3.604
3.590
3.621
3.573
3.567
3.591
3.621
3.637
3.603
3.639
3.661
3.609
3.598
3.598
3.615
3.585
3.617
3.598
3.623
3.588
3.638
3.626
3.591
3.587
3.599
3.606
3.637
3.611
3.617
3.625
3.608
3.625
3.616
3.612
3.633
3.644
3.589
3.648
3.652
3.593
3.597
3.589
3.604
3.601
3.623
3.616
3.636
3.605
3.610
3.607
3.628
3.609
3.602
3.613
3.689
3.612
3.671
3.647
3.637
3.636
3.649
3.653
3.626
3.661
3.634
3.616
3.618
3.644
3.659
3.649
3.627
3.639
3.664
3.672
3.691
3.658
3.683
3.677
3.662
3.667
3.633
3.639
3.635
3.636
3.633
3.662
3.667
3.641
3.692
3.695
3.657
3.660
3.643
3.682
3.658
3.650
3.670
3.653
3.625
3.666
3.680
3.680
3.713
3.675
3.660
3.671
3.687
3.682
3.684
3.682
3.727
3.720
3.684
3.685
3.663
3.649
3.688
3.664
3.705
3.700
3.757
3.683
3.674
3.717
3.702
3.695
3.722
3.789
3.708
3.682
3.695
3.708
3.658
3.679
3.706
3.703
3.683
3.706
3.767
3.820
3.880
3.839
3.835
3.781
3.803
3.843
3.790
3.848
3.848
3.750
3.911
3.787
3.855
3.864
3.871
3.841
3.874
3.863
3.765
3.703
3.735
3.733
3.705
3.722
3.749
3.719
3.726
3.710
3.719
3.760
3.740
3.702
3.722
3.735
3.720
3.745
3.759
3.713
3.754
3.708
3.733
3.748
3.730
3.737
3.708
3.763
3.751
3.702
3.759
3.768
3.735
3.764
3.756
3.753
3.745
3.726
3.769
3.751
3.748
3.729
3.717
3.747
3.730
3.739
3.757
3.748
3.782
3.741
3.772
3.752
3.748
3.748
3.752
3.739
3.771
3.734
3.743
3.760
3.797
3.771
3.762
3.784
3.759
3.752
3.758
3.780
3.795
3.772
3.766
3.776
3.795
3.779
3.800
3.767
3.756
3.767
3.778
3.755
3.788
3.765
3.765
3.787
3.781
3.764
3.804
3.795
3.782
3.759
3.762
3.772
3.788
3.817
3.784
